time,open,high,low,close,Zero Line,Sym1 Diff,Sym2 Diff,Sym3 Diff,Correlation
1042581600,33.2,33.2,33.2,33.2,0,NaN,0,0,NaN
1043100000,33.2,33.601,32.798,32.968,0,NaN,0,0,NaN
1043272800,32.968,33.44,32.039,33.42,0,NaN,0,0,NaN
1043618400,33.42,33.42,32.32,32.767,0,NaN,0,0,NaN
1043791200,32.767,34.112,32.767,33.961,0,NaN,0,0,NaN
1043964000,33.961,33.961,32.737,32.867,0,NaN,0,0,NaN
1044309600,32.867,34.281,32.867,34.009,0,NaN,0,0,NaN
1044482400,34.009,35.322,33.975,35.221,0,NaN,0,0,NaN
1044828000,35.221,35.7,34.354,35.5,0,NaN,0,0,NaN
1045000800,35.5,36.441,35.145,36.44,0,NaN,0,0,NaN
1045173600,36.44,36.935,35.915,36.835,0,NaN,0,0,NaN
1045519200,36.835,37.729,36.747,37.544,0,NaN,0,0,NaN
1045692000,37.544,37.707,36.401,37.308,0,NaN,0,0,NaN
1046037600,37.308,38.664,37.308,37.59,0,NaN,0,0,NaN
1046210400,37.59,41.515,37.59,38.6,0,NaN,0,0,NaN
1046383200,38.6,38.959,36.431,36.888,0,NaN,0,0,NaN
1046728800,36.888,38.311,36.87,37.683,0,NaN,0,0,NaN
1046901600,37.683,38.729,37.523,38.677,0,NaN,0,0,NaN
1047247200,38.677,38.677,36.887,37.29,0,NaN,0,0,NaN
1047420000,37.29,38.497,36.148,36.552,0,NaN,0,0,NaN
1047592800,36.552,36.61,34.174,35.141,0,NaN,0,0,NaN
1047938400,35.141,36.403,33.844,34.018,0,NaN,0,0,NaN
1048111200,34.018,34.825,30.228,30.966,0,NaN,0,0,NaN
1048456800,30.966,33.561,30.966,31.564,0,NaN,0,0,NaN
1048629600,31.564,34.146,31.564,34.035,0,NaN,0,0,NaN
1048802400,34.035,34.403,33.294,34.154,0,NaN,0,0,NaN
1049148000,34.154,34.154,30.746,31.198,0,NaN,0,0,NaN
1049320800,31.198,31.787,30.218,30.929,0,NaN,0,0,NaN
1049662800,30.929,30.929,29.465,29.765,0,NaN,0,0,NaN
1049835600,29.765,30.645,28.771,28.939,0,NaN,0,0,NaN
1050008400,28.939,29.707,28.404,29.623,0,NaN,0,0,NaN
1050354000,29.623,30.468,29.28,29.932,0,NaN,0,0,NaN
1050526800,29.932,30.117,28.919,30.012,0,NaN,0,0,NaN
1050872400,30.012,30.265,28.97,29.126,0,NaN,0,0,NaN
1051045200,29.126,29.126,26.559,27.675,0,NaN,0,0,NaN
1051218000,27.675,28.026,26.174,26.252,0,NaN,0,0,NaN
1051563600,26.252,27.26,25.809,26.538,0,NaN,0,0,NaN
1051736400,26.538,27.24,26.057,26.382,0,NaN,0,0,NaN
1052082000,26.382,27.119,25.959,26.265,0,NaN,0,0,NaN
1052254800,26.265,27.821,26.061,27.412,0,NaN,0,0,NaN
1052427600,27.412,28.782,27.412,27.714,0,NaN,0,0,NaN
1052773200,27.714,29.604,27.714,29.421,0,NaN,0,0,NaN
1052946000,29.421,29.72,28.705,29.268,0,NaN,0,0,NaN
1053291600,29.268,29.353,28.329,28.733,0,NaN,0,0,NaN
1053464400,28.733,29.957,28.663,29.197,0,NaN,0,0,NaN
1053637200,29.197,29.763,29.197,29.489,0,NaN,0,0,NaN
1053982800,29.489,29.82,28.778,28.818,0,NaN,0,0,NaN
1054155600,28.818,29.885,28.517,29.765,0,NaN,0,0,NaN
1054501200,29.765,31.051,29.765,30.867,0,NaN,0,0,NaN
1054674000,30.867,31.19,30.001,30.874,0,NaN,0,0,NaN
1054846800,30.874,31.984,30.795,31.561,0,NaN,0,0,NaN
1055192400,31.561,32.613,31.019,32.471,0,NaN,0,0,NaN
1055365200,32.471,32.471,29.931,30.682,0,NaN,0,0,NaN
1055710800,30.682,31.3,30.478,31.106,0,NaN,0,0,NaN
1055883600,31.106,31.106,29.793,30.157,0,NaN,0,0,NaN
1056056400,30.157,31.321,30.157,30.661,0,NaN,0,0,NaN
1056402000,30.661,31.541,29.98,31.414,0,NaN,0,0,NaN
1056574800,31.414,31.414,30.142,30.572,0,NaN,0,0,NaN
1056920400,30.572,31.655,30.472,31.524,0,NaN,0,0,NaN
1057093200,31.524,32.05,30.985,31.495,0,NaN,0,0,NaN
1057266000,31.495,31.495,30.633,30.762,0,NaN,0,0,NaN
1057611600,30.762,31.65,30.272,31.647,0,NaN,0,0,NaN
1057784400,31.647,32.384,31.498,31.918,0,NaN,0,0,NaN
1058130000,31.918,32.151,31.098,31.982,0,NaN,0,0,NaN
1058302800,31.982,32.407,31.255,31.5,0,NaN,0,0,NaN
1058475600,31.5,31.849,30.958,31.393,0,NaN,0,0,NaN
1058821200,31.393,31.393,29.754,30.32,0,NaN,0,0,NaN
1058994000,30.32,31.006,29.957,30.718,0,NaN,0,0,NaN
1059339600,30.718,30.867,30.079,30.651,0,NaN,0,0,NaN
1059512400,30.651,31.416,30.443,30.964,0,NaN,0,0,NaN
1059685200,30.964,32.809,30.928,32.102,0,NaN,0,0,NaN
1060030800,32.102,33.13,31.759,32.068,0,NaN,0,0,NaN
1060203600,32.068,33.129,31.968,32.419,0,NaN,0,0,NaN
1060549200,32.419,32.533,31.559,32.298,0,NaN,0,0,NaN
1060722000,32.298,32.337,30.23,31.601,0,NaN,0,0,NaN
1060894800,31.601,31.663,30.64,30.71,0,NaN,0,0,NaN
1061240400,30.71,31.241,30.341,31.112,0,NaN,0,0,NaN
1061413200,31.112,32.371,31.012,31.793,0,NaN,0,0,NaN
1061758800,31.793,32.275,31.306,31.996,0,NaN,0,0,NaN
1061931600,31.996,32.047,31.077,31.428,0,NaN,0,0,NaN
1062104400,31.428,32.029,31.398,31.479,0,NaN,0,0,NaN
1062450000,31.479,31.479,29.134,29.474,0,NaN,0,0,NaN
1062622800,29.474,29.585,28.496,28.936,0,NaN,0,0,NaN
1062968400,28.936,29.378,28.539,29.199,0,NaN,0,0,NaN
1063141200,29.199,29.511,28.59,28.821,0,NaN,0,0,NaN
1063314000,28.821,29.131,27.842,28.115,0,NaN,0,0,NaN
1063659600,28.115,28.245,26.796,27.02,0,NaN,0,0,NaN
1063832400,27.02,27.275,26.618,26.947,0,NaN,0,0,NaN
1064178000,26.947,27.607,26.686,27.079,0,NaN,0,0,NaN
1064350800,27.079,28.61,26.842,28.262,0,NaN,0,0,NaN
1064523600,28.262,28.544,27.786,28.276,0,NaN,0,0,NaN
1064869200,28.276,29.429,28.257,29.34,0,NaN,0,0,NaN
1065042000,29.34,30.384,29.242,30.304,0,NaN,0,0,NaN
1065387600,30.304,30.743,30.028,30.419,0,NaN,0,0,NaN
1065560400,30.419,31.155,29.403,30.916,0,NaN,0,0,NaN
1065733200,30.916,32.557,30.768,31.82,0,NaN,0,0,NaN
1066078800,31.82,32.401,31.438,31.729,0,NaN,0,0,NaN
1066251600,31.729,31.96,29.874,30.571,0,NaN,0,0,NaN
1066597200,30.571,30.625,29.655,30.128,0,NaN,0,0,NaN
1066770000,30.128,30.539,29.298,30.474,0,NaN,50.53788140484866,47.62033240392834,NaN
1066942800,30.474,30.696,29.591,29.772,0,NaN,32.58887009549334,37.28641957572976,NaN
1067292000,29.772,29.907,28.722,28.772,0,NaN,5.399979473373222,-1.6003853783657132,NaN
1067464800,28.772,29.078,28.176,29.078,0,NaN,-14.137295384737122,-14.456201910919805,NaN
1067810400,29.078,29.486,28.413,28.793,0,NaN,-7.77076627436216,-27.010344795947226,NaN
1067983200,28.793,30.645,28.646,30.198,0,NaN,4.2026013265159,-16.964233632853848,NaN
1068156000,30.198,31.25,30.168,30.962,0,NaN,-4.236826801509544,-16.70999605207001,NaN
1068501600,30.962,31.389,30.645,31.329,0,NaN,0.9279810157487631,-9.002134596904513,NaN
1068674400,31.329,32.475,30.922,32.326,0,NaN,35.98487339003182,31.926954006492664,NaN
1069020000,32.326,33.311,31.432,33.188,0,NaN,60.01772018162296,50.71673902716867,NaN
1069192800,33.188,33.399,32.128,32.149,0,NaN,39.32301262707463,27.921871106852628,NaN
1069365600,32.149,32.781,30.068,30.219,0,NaN,26.15643374671194,11.984814685287263,NaN
1069711200,30.219,30.849,29.7,30.798,0,NaN,49.446197037640715,34.789042222085556,NaN
1070229600,30.798,31.312,29.979,31.058,0,NaN,44.904751100274346,41.23940796828459,NaN
1070402400,31.058,31.938,30.643,31.461,0,NaN,50.54864942289268,61.30168844150005,NaN
1070575200,31.461,32.679,30.859,32.295,0,NaN,37.98236859951115,51.231056271098524,NaN
1070920800,32.295,32.83,31.693,32.122,0,NaN,29.48134887181852,38.53809063627487,NaN
1071093600,32.122,33.368,31.526,33.167,0,NaN,44.53065974563225,47.35785903348141,NaN
1071439200,33.167,33.44,31.866,32.922,0,NaN,26.09091574150752,25.077488684914048,NaN
1071612000,32.922,33.944,32.893,33.784,0,NaN,29.778006491440895,25.358008176576046,NaN
1071784800,33.784,33.915,31.654,31.774,0,NaN,19.721517737741443,11.734219166029483,NaN
1072130400,31.774,32.955,31.176,32.755,0,NaN,57.37766444762016,51.337963209642176,NaN
1072648800,32.755,33.015,32.064,32.755,0,NaN,46.100453020736666,49.48599275118165,NaN
1072821600,32.755,33.166,32.247,32.467,0,NaN,40.909172532264314,35.88552912278446,NaN
1073253600,32.467,34.325,32.244,33.576,0,NaN,42.84655029910212,48.863114899152755,NaN
1073426400,33.576,34.279,33.028,34.209,0,NaN,38.949943197166604,44.57335489315002,NaN
1073599200,34.209,34.986,33.736,34.926,0,NaN,50.94006017235894,58.12939853171556,NaN
1073944800,34.926,35.187,33.989,34.54,0,NaN,25.954902025505397,36.627927594150144,NaN
1074117600,34.54,35.211,32.927,34.54,0,NaN,38.408612837153264,33.12654656743459,NaN
1074463200,34.54,35.537,34.434,35.302,0,NaN,32.82293988500725,29.53783107209152,NaN
1074636000,35.302,35.593,34.237,35.48,0,NaN,53.821982334551336,56.88118870421604,NaN
1074808800,35.48,35.739,34.593,34.874,0,NaN,40.7227127304003,38.55695556247263,NaN
1075154400,34.874,35.398,33.731,33.849,0,NaN,27.566785519350354,13.609458796845717,NaN
1075327200,33.849,34.175,32.765,33.393,0,NaN,33.75606632253404,12.848099098675243,NaN
1075672800,33.393,35.498,32.857,34.486,0,NaN,44.08855290805395,4.24654418294047,NaN
1075845600,34.486,34.726,32.441,33.525,0,NaN,26.08736999270009,-14.330089737003936,NaN
1076018400,33.525,33.678,32.439,33.058,0,NaN,-15.430938220995543,-62.040435301395725,NaN
1076364000,33.058,34.555,32.995,34.05,0,NaN,-3.2189243215923184,-34.882445700129104,NaN
1076536800,34.05,34.774,33.791,34.682,0,NaN,-3.1964327194343056,-12.938112927982045,NaN
1076882400,34.682,35.304,34.305,35.169,0,NaN,-12.511464049834203,-19.585332360530636,NaN
1077055200,35.169,35.393,34.421,34.872,0,NaN,-4.972398420079074,-28.0613571823334,NaN
1077228000,34.872,35.117,33.802,34.765,0,NaN,12.498351083995686,-34.7471685163213,NaN
1077573600,34.765,36.216,34.664,36.013,0,NaN,53.20974610602005,18.443723791816886,NaN
1077746400,36.013,36.525,35.448,36.464,0,NaN,60.54930468085821,22.391201983630275,NaN
1078092000,36.464,37.243,36.056,36.816,0,NaN,55.02982294365063,11.39809295418332,NaN
1078264800,36.816,37.075,35.639,36.932,0,NaN,81.94280920420026,17.981627311189456,NaN
1078437600,36.932,37.69,36.471,36.541,0,NaN,89.57813231057568,26.162227842756153,NaN
1078783200,36.541,37.098,35.777,36.316,0,NaN,81.62545334769604,-1.8396756942889958,NaN
1078956000,36.316,37.332,35.421,36.293,0,NaN,89.60578629324574,-19.68712835829504,NaN
1079301600,36.293,37.879,36.096,37.387,0,NaN,100,-10.034051159606248,NaN
1079474400,37.387,38.623,37.334,38.044,0,NaN,100,8.533813166202876,NaN
1079647200,38.044,38.578,37.28,37.887,0,NaN,83.54255371006072,19.881821596780448,NaN
1079992800,37.887,38.442,37.259,37.453,0,NaN,62.22237288309531,-12.766192442602815,NaN
1080165600,37.453,37.552,35.308,36.219,0,NaN,35.31200748164926,-35.27805228336526,NaN
1080511200,36.219,36.941,35.515,36.612,0,NaN,23.16113470581982,-33.94762638568865,NaN
1080684000,36.612,37.252,34.311,34.845,0,NaN,-28.055246090305296,-46.281469854426376,NaN
1080856800,34.845,35.058,33.686,34.587,0,NaN,-7.7553619272168355,-55.47948844330385,NaN
1081198800,34.587,36.906,34.485,36.59,0,NaN,11.233035854263186,-22.595065032514494,NaN
1081371600,36.59,37.589,36.505,37.486,0,NaN,8.029761617900533,-8.914499946695697,NaN
1081717200,37.486,38.147,37.167,37.225,0,NaN,-0.6484463487162095,-27.582805521701637,NaN
1081890000,37.225,37.87,36.391,37.87,0,NaN,18.710816468129917,-33.76017536961156,NaN
1082062800,37.87,38.337,37.269,37.642,0,NaN,14.96041723569681,-39.35614654805324,NaN
1082408400,37.642,37.662,36.178,36.713,0,NaN,13.430025378877176,-47.052037996942246,NaN
1082581200,36.713,37.986,36.562,37.22,0,NaN,40.16900912998305,-22.412413528416707,NaN
1082926800,37.22,38.406,37.22,38.24,0,NaN,53.08748553410905,-14.594466187442018,NaN
1083099600,38.24,38.855,37.249,38.159,0,NaN,100,10.985683178979329,NaN
1083272400,38.159,38.822,37.762,38.728,0,NaN,100,29.377241820756616,NaN
1083618000,38.728,40.229,38.428,40.124,0,NaN,88.56105240505447,16.943292673184665,NaN
1083790800,40.124,40.473,39.593,40.367,0,NaN,95.37377231302685,16.75652964472207,NaN
1084136400,40.367,40.639,38.596,40.588,0,NaN,100,12.914469948777516,NaN
1084309200,40.588,41.433,40.062,41.188,0,NaN,93.82259154450867,13.247857337311942,NaN
1084482000,41.188,41.965,40.855,41.56,0,NaN,100,21.942353404422875,NaN
1084827600,41.56,41.834,40.01,41.744,0,NaN,96.16187964797622,44.408235651219826,NaN
1085000400,41.744,41.832,39.702,40.023,0,NaN,65.30860519153157,21.27702393953686,NaN
1085346000,40.023,41.948,39.544,41.132,0,NaN,60.415678379280216,21.454549015877653,NaN
1085518800,41.132,41.741,39.032,39.192,0,NaN,19.01031606419468,-5.454250638751898,NaN
1085691600,39.192,40.031,39.141,39.96,0,NaN,23.696649508208402,5.266391710826209,NaN
1086037200,39.96,42.521,39.874,39.914,0,NaN,26.86967561813139,-15.336124450659543,NaN
1086210000,39.914,40.914,38.109,38.556,0,NaN,-14.506572746598735,-46.43216309528901,NaN
1086555600,38.556,39.185,36.791,36.951,0,NaN,-47.96859804441595,-55.91464487600258,NaN
1086728400,36.951,38.638,36.489,38.437,0,NaN,-40.15783021494079,-49.13947567947508,NaN
1086901200,38.437,38.437,37.454,37.524,0,NaN,-45.59087240711636,-64.11948639571321,NaN
1087246800,37.524,38.472,36.871,37.4,0,NaN,-38.63841380143536,-74.915928288363,NaN
1087419600,37.4,38.887,37.357,38.757,0,NaN,-2.389183935605396,-38.36268826672174,NaN
1087765200,38.757,39,37.351,37.95,0,NaN,-17.353162834633245,-57.998824721342636,NaN
1087938000,37.95,38.272,37.082,37.629,0,NaN,-0.5553208627907935,-43.38645537081432,NaN
1088110800,37.629,37.79,35.713,36.063,0,NaN,-32.9945774348052,-78.23480033895319,NaN
1088456400,36.063,36.925,35.345,36.777,0,NaN,-35.20349989113455,-66.29012138601448,NaN
1088629200,36.777,38.925,36.484,38.286,0,NaN,-9.832670467329203,-40.195338255324074,NaN
1088974800,38.286,39.628,38.286,39.4,0,NaN,21.56948518792752,4.021040604913715,NaN
1089147600,39.4,40.285,38.601,40.107,0,NaN,-0.8336609308009848,2.2728046387792844,NaN
1089320400,40.107,40.672,39.116,39.216,0,NaN,-42.88564049771644,4.879405910408138,NaN
1089666000,39.216,41.061,38.913,40.852,0,NaN,-5.553715184553191,32.78513053856109,NaN
1089838800,40.852,41.82,40.375,41.272,0,NaN,-29.636020799043408,15.304232781712749,NaN
1090184400,41.272,41.665,40.189,40.19,0,NaN,-33.12361681747433,10.777802001242804,NaN
1090357200,40.19,41.543,40.143,41.284,0,NaN,22.023509133172304,27.202259230268538,0.5537982169686243
1090530000,41.284,41.764,40.959,41.339,0,NaN,62.5820568660818,48.07917578240912,0.5377287198783575
1090875600,41.339,42.972,41.22,42.514,0,NaN,75.78423997479872,81.05325099837738,0.22987573225784697
1091048400,42.514,43.768,41.967,43.718,0,NaN,81.32796102929915,87.61774069867066,0.056735869029347075
1091394000,43.718,44.183,43.2,44.054,0,NaN,60.432922253541335,62.00162014359226,-0.09728060474435286
1091566800,44.054,44.491,42.56,44.321,0,NaN,58.06238321231599,48.81536223464387,-0.22932320743733328
1091739600,44.321,44.946,43.506,44.926,0,NaN,82.28769271840692,92.5047635573337,-0.2083421884584942
1092085200,44.926,45.009,43.265,44.654,0,NaN,44.61054068083534,48.90918598202478,-0.1439917417822028
1092258000,44.654,46.631,44.515,46.471,0,NaN,72.09594106429255,78.6101306957377,-0.1934750630215042
1092603600,46.471,46.987,45.587,46.779,0,NaN,97.55718761906857,100,-0.31059348201223075
1092776400,46.779,48.375,46.241,48.355,0,NaN,79.48987569615575,100,-0.33796221894677203
1092949200,48.355,48.912,46.411,46.531,0,NaN,52.88854887596919,72.13619667155429,-0.4134644156063196
1093294800,46.531,46.541,43.604,44.017,0,NaN,-14.774958178104042,-0.0784064342496329,-0.5695589997767477
1093467600,44.017,44.555,42.785,43.574,0,NaN,-37.0094980514439,-25.591399263740524,-0.5646024112588441
1093813200,43.574,43.836,41.617,42.606,0,NaN,-53.23414006103732,-51.858039331692325,-0.5114699607954716
1093986000,42.606,45.671,42.514,44.429,0,NaN,-20.865176644500032,-20.112747183225217,-0.4588845343974144
1094158800,44.429,44.74,43.865,44.185,0,NaN,-19.12097986374779,-50.88870936626524,-0.33104785002411924
1094504400,44.185,44.185,42.592,42.941,0,NaN,-41.76093155839741,-63.21440665314241,-0.16926314433009398
1094677200,42.941,45.267,42.663,43.014,0,NaN,-58.2753884911761,-83.18399679854402,-0.0021427517376042694
1095022800,43.014,44.962,43.014,44.657,0,NaN,-44.77601534660297,-64.97993092801906,0.17784457852782223
1095195600,44.657,45.398,42.778,44.18,0,NaN,-61.16155369205801,-94.35168106546507,0.28546964411909315
1095368400,44.18,46.264,43.951,46.216,0,NaN,-17.13803686383757,-38.89848527933861,0.40154509804310784
1095714000,46.216,48.577,45.818,47.858,0,NaN,37.233131768462684,38.804139995359506,0.3125526377864318
1095886800,47.858,48.929,47.431,48.832,0,NaN,49.56216620825303,65.7008727372813,0.24550811531862665
1096232400,48.832,50.409,48.578,49.841,0,NaN,81.13609521866644,100,0.1921453819433691
1096405200,49.841,50.143,48.345,49.367,0,NaN,19.500990738410067,54.35613949997608,0.18970506088334238
1096578000,49.367,50.119,49.099,49.777,0,NaN,32.27891939993843,77.13567332101233,0.21702611322108836
1096923600,49.777,52.131,49.777,51.921,0,NaN,95.60237222988438,100,0.2378178190957625
1097096400,51.921,53.365,51.815,53.266,0,NaN,96.69526356803121,100,0.268427098860537
1097442000,53.266,54.425,52.118,52.208,0,NaN,58.16484114351745,63.60093037774385,0.29430588470641883
1097614800,52.208,54.882,51.47,54.562,0,NaN,100,99.03499520005363,0.29257391866642196
1097787600,54.562,55.364,52.979,53.524,0,NaN,52.3998424346609,59.11258003135332,0.3442174680621461
1098133200,53.524,55.469,52.753,55.302,0,NaN,48.52869263813331,62.39944668311561,0.4365139483988537
1098306000,55.302,56.328,54.814,55.972,0,NaN,44.89783612750952,58.24620800231,0.5616773948902132
1098651600,55.972,56.432,54.503,55.995,0,NaN,26.301151044037965,47.348979362510946,0.8131806835208301
1098824400,55.995,56.35,51.206,51.368,0,NaN,-19.82121645324238,1.0910648257094095,0.8154136226695299
1098997200,51.368,53.034,49.798,50.421,0,NaN,-46.34567769962107,-20.494703932932964,0.795211172667046
1099346400,50.421,51.566,49.097,51.483,0,NaN,-70.23201113347675,-25.90720100849573,0.7515759153354261
1099519200,51.483,51.493,48.696,50.055,0,NaN,-100,-52.43755907362258,0.6678222149419425
1099864800,50.055,50.055,47.422,47.472,0,NaN,-99.99999999999999,-72.3276893574625,0.6052302857546831
1100037600,47.472,49.283,47.241,47.739,0,NaN,-99.99999999999999,-90.73555032728687,0.4030952700220139
1100210400,47.739,48.285,45.405,46.926,0,NaN,-100.00000000000001,-92.44443784114148,-0.08081249689775212
1100556000,46.926,47.542,45.404,46.792,0,NaN,-100.00000000000003,-99.99999999999997,-0.4068918481041675
1100728800,46.792,48.903,45.856,48.853,0,NaN,-84.43364652740495,-84.79637836094886,-0.48111977736543377
1101074400,48.853,50.163,48.135,48.656,0,NaN,-82.9726520287312,-90.06341135579771,-0.5302633150980364
1101247200,48.656,49.517,47.72,49.267,0,NaN,-43.987385596242625,-42.034982252368216,-0.5462574034582094
1101420000,49.267,49.881,49.05,49.593,0,NaN,-25.267255786735475,-20.286603034293798,-0.5593585811535368
1101765600,49.593,50.344,45.294,45.644,0,NaN,-60.69330843273188,-74.8144356181223,-0.5177589831214587
1101938400,45.644,45.845,42.003,42.502,0,NaN,-77.86524560676075,-99.58359239113997,-0.5853935300351722
1102284000,42.502,43.559,41.334,41.504,0,NaN,-62.87120461186129,-85.61052423334505,-0.6487208654720683
1102456800,41.504,43.167,40.417,42.608,0,NaN,-42.66403707241918,-77.79739849941176,-0.5867349666179799
1102629600,42.608,43.259,40.222,41.08,0,NaN,-40.523818425591664,-91.80866796120125,-0.5907118058858518
1102975200,41.08,44.433,40.831,44.294,0,NaN,-2.9575591458823745,-52.441296781296266,-0.5918055896197085
1103148000,44.294,46.344,43.036,46.294,0,NaN,-1.380509492714193,-57.71396308679872,-0.5436726378436488
1103493600,46.294,46.294,44.829,45.396,0,NaN,-9.121070774403098,-60.163491516298016,-0.49840449106959955
1103666400,45.396,45.691,43.404,43.96,0,NaN,-25.63933220523107,-86.69949895582224,-0.474469160322303
1103839200,43.96,43.96,40.81,41.019,0,NaN,-69.06876122956871,-99.99999999999999,-0.5052057456133564
1104184800,41.019,43.614,40.91,43.296,0,NaN,-12.374251564894404,-34.31928798133973,-0.436830901532516
1104357600,43.296,43.422,42.344,43.273,0,NaN,18.559806999176686,-1.6065920650630368,-0.3620620461295897
1104703200,43.273,44.013,41.113,43.675,0,NaN,43.29879859508256,11.603973269182703,-0.3271995938162101
1104876000,43.675,45.625,42.475,45.247,0,NaN,39.163313877288616,9.758055791986926,-0.24461199765523425
1105048800,45.247,47.207,44.636,45.153,0,NaN,56.84361405942155,28.07224038011482,-0.2166927792809539
1105394400,45.153,46.527,44.866,46.428,0,NaN,28.88637688662317,1.4179190441060463,-0.24499274337643046
1105567200,46.428,48.592,46.383,48.392,0,NaN,32.97039589756086,7.801271834383947,-0.33802170624654193
1105912800,48.392,49.33,47.646,48.314,0,NaN,45.258614386893065,6.636998169890774,-0.39954965641721335
1106085600,48.314,48.457,46.567,47.465,0,NaN,51.01220067233863,12.444535916850594,-0.3813347106643016
1106258400,47.465,49.115,47.138,48.788,0,NaN,100,67.12160323139148,-0.23184897776058364
1106604000,48.788,49.63,47.788,48.926,0,NaN,67.21039495021006,26.940933761682068,0.017758578817375678
1106776800,48.926,49.538,46.599,47.048,0,NaN,52.43379883713599,11.246879427440444,0.0888610826168729
1107122400,47.048,48.208,45.921,47.075,0,NaN,35.569095937336684,4.991693112179963,0.14067525941556547
1107295200,47.075,47.467,45.674,46.564,0,NaN,12.57465772165598,-7.610166325795602,0.08058102983899765
1107468000,46.564,47.176,45.041,45.271,0,NaN,-0.4686832216100063,-21.974266697618067,-0.018497103871128708
1107813600,45.271,46.347,44.55,45.499,0,NaN,-5.98254845984582,-36.117542851044774,-0.04876858989787104
1107986400,45.499,47.434,45.37,47.105,0,NaN,-24.633751332698452,-42.878024536082044,0.020596489929337547
1108332000,47.105,47.77,46.567,47.192,0,NaN,-25.42436522362035,-32.42712126551224,0.06359003892143131
1108504800,47.192,48.726,46.925,47.782,0,NaN,-9.027287381979171,-13.259649152281401,0.11541678915280791
1108677600,47.782,48.754,47.753,48.557,0,NaN,-7.691633740147436,-19.667309801649953,0.2285331235745853
1109023200,48.557,51.246,48.557,50.877,0,NaN,15.257853799221154,5.95031123096868,0.32829615284226726
1109196000,50.877,51.623,50.036,51.145,0,NaN,39.16464703630598,30.085631440451756,0.3796766742223225
1109541600,51.145,51.912,50.313,51.32,0,NaN,41.64423671524359,32.65495324866193,0.4110232650430914
1109714400,51.32,54.868,51.122,53.162,0,NaN,64.94821075979812,56.317978864138055,0.43052622419987824
1109887200,53.162,53.695,52.597,53.527,0,NaN,78.18964070797902,77.86067591335946,0.40409133658760066
1110232800,53.527,55.44,53.018,54.079,0,NaN,80.98594192001976,87.56380508432369,0.2962586524129302
1110405600,54.079,54.406,52.309,54.211,0,NaN,76.86776143554913,72.9388174003053,0.25574275112973677
1110751200,54.211,55.326,53.361,54.729,0,NaN,82.6763445787414,75.18978727748369,0.17434971835432023
1110924000,54.729,57.561,54.288,55.954,0,NaN,87.83582258125242,74.99289071038852,-0.015509404605143393
1111096800,55.954,57.107,55.954,56.923,0,NaN,91.83786459871119,76.19544746102152,-0.1974245813525451
1111442400,56.923,57.094,52.948,53.537,0,NaN,43.7702379781372,12.56026207835415,-0.28838431497907235
1111615200,53.537,54.454,53.043,54.355,0,NaN,47.698341418210774,6.415293364816282,-0.3710665674752368
1111960800,54.355,54.355,53.087,54.021,0,NaN,42.440785911841196,-2.173388666086918,-0.4395464583817619
1112133600,54.021,55.76,52.166,54.869,0,NaN,30.365881333596185,-9.462667351492232,-0.522308715157306
1112306400,54.869,57.993,54.831,56.526,0,NaN,49.64598471045067,4.215782369467274,-0.597010011745265
1112648400,56.526,56.938,55.013,55.644,0,NaN,38.6748743485606,-13.01436697046904,-0.6762371634617043
1112821200,55.644,56.61,52.507,53.205,0,NaN,8.500897275494085,-44.04762579894772,-0.6638342944498842
1113166800,53.205,53.913,51.076,51.176,0,NaN,-16.104118388344627,-63.418891435646486,-0.6691748743202444
1113339600,51.176,51.387,49.656,51.087,0,NaN,-24.159957335572443,-71.30563475600633,-0.6621958650439261
1113512400,51.087,51.189,49.562,50.152,0,NaN,-39.708523807795686,-89.17407640567613,-0.6017811550119092
1113858000,50.152,53.053,50.088,52.179,0,NaN,-9.900192741290216,-33.35176067076087,-0.5624372436315178
1114030800,52.179,54.519,51.638,53.984,0,NaN,-4.843305837705545,-17.62895667934855,-0.4981106173275025
1114376400,53.984,54.738,52.203,53.173,0,NaN,-5.653077142836732,-19.065078691681563,-0.4346401694443083
1114549200,53.173,53.173,48.823,50.904,0,NaN,-33.02049407832599,-49.811221390003105,-0.5143918239314978
1114722000,50.904,51.29,48.229,50.062,0,NaN,-56.70133505349106,-71.00034712178734,-0.6247613563390181
1115067600,50.062,50.221,48.099,49.845,0,NaN,-54.01358245727226,-65.27883796205694,-0.6736590608768109
1115240400,49.845,51.572,48.837,50.364,0,NaN,-21.6540638896882,-36.453106073628256,-0.6881085192371955
1115586000,50.364,52.62,50.149,51.301,0,NaN,5.876135616035,-17.632223513353175,-0.7009098379693561
1115758800,51.301,51.51,47.952,48.335,0,NaN,-16.600552056367178,-44.902794277461936,-0.6837039823735711
1115931600,48.335,48.786,47.42,48.527,0,NaN,-3.2725990748239173,-40.37986175859112,-0.7015252569242857
1116277200,48.527,49.287,47.19,47.241,0,NaN,-30.703839741369997,-75.57920040351402,-0.6465290264706655
1116450000,47.241,48.225,46.681,47.166,0,NaN,-38.41799958787295,-90.4544563922362,-0.5764104574765193
1116795600,47.166,48.57,46.667,48.41,0,NaN,-28.92145058388418,-73.88331621303402,-0.541005864280134
1116968400,48.41,50.369,48.306,49.627,0,NaN,5.288961480472636,-40.851971247623155,-0.46717223817187126
1117141200,49.627,50.711,49.568,50.516,0,NaN,19.855596047832517,-23.03188851574926,-0.2869525150897431
1117486800,50.516,53.614,49.832,53.159,0,NaN,56.25449320751835,5.016239906439935,-0.13480800124947998
1117659600,53.159,54.347,52.414,54.114,0,NaN,52.11551744396013,-4.161890846628436,-0.20328857969021472
1118005200,54.114,54.695,52.828,53.054,0,NaN,25.651077134467045,-18.947714480460096,-0.21083827272514527
1118178000,53.054,54.277,51.569,53.545,0,NaN,55.8346297566923,21.293239111628885,-0.16737407576931995
1118350800,53.545,55.351,52.581,55.138,0,NaN,70.08316762279848,38.38781523521035,-0.2043827773936951
1118696400,55.138,56.403,54.442,54.87,0,NaN,80.07568099052966,46.24465059910804,-0.2659615707021107
1118869200,54.87,58.496,54.87,58.447,0,NaN,100,84.54700808505292,-0.3001830632374762
1119214800,58.447,59.28,57.973,58.062,0,NaN,85.1780347196352,72.31946410605572,-0.27836769603932565
1119387600,58.062,59.332,57.182,58.99,0,NaN,82.82034572200148,64.38721776169179,-0.3345422582073068
1119560400,58.99,60.371,58.534,59.691,0,NaN,83.41166232145865,56.176514885438436,-0.3995505200043686
1119906000,59.691,59.874,56.403,56.657,0,NaN,26.806061009500652,4.2607938177832985,-0.425652327759326
1120078800,56.657,58.436,55.438,58.436,0,NaN,44.049814705628755,16.850017219944803,-0.4809923384504535
1120424400,58.436,59.726,58.415,59.332,0,NaN,74.66818802252924,29.375715148208712,-0.5415104307196932
1120597200,59.332,61.755,56.884,60.345,0,NaN,79.11148256849629,29.073349902077624,-0.5904096543575146
1120770000,60.345,61.588,57.78,59.08,0,NaN,42.207860498417965,6.387786355031732,-0.5988547574562924
1121115600,59.08,61.108,58.715,59.568,0,NaN,52.50413376431669,27.981784269028225,-0.6166201116633432
1121288400,59.568,59.982,57.105,57.978,0,NaN,14.572293015403853,-23.684011317078387,-0.6230434272227987
1121634000,57.978,59.035,56.896,58.081,0,NaN,18.468363969070182,-26.07592922581339,-0.6060443613979045
1121806800,58.081,58.77,55.693,56.388,0,NaN,-15.063456090404575,-39.833557583923294,-0.5681695375328989
1121979600,56.388,58.413,56.359,58.266,0,NaN,-5.710661449967382,-25.718101504443638,-0.5545702405771104
1122325200,58.266,59.158,57.786,58.289,0,NaN,18.30734072809324,-4.722047841205943,-0.6078516914452458
1122498000,58.289,60.393,58.142,59.931,0,NaN,9.26090264325584,1.2822180430624588,-0.6280661049304703
1122843600,59.931,61.714,59.931,61.359,0,NaN,2.212853953117741,14.558307002616903,-0.5546788263244062
1123016400,61.359,61.964,60.086,61.027,0,NaN,-14.44470748212461,8.834241523797218,-0.3901201633334024
1123189200,61.027,63.598,61.007,63.551,0,NaN,25.136439397849657,40.69426381513811,-0.26497799898887175
1123534800,63.551,64.649,62.566,64.543,0,NaN,29.87608898079557,35.29356256122763,-0.14717847722774713
1123707600,64.543,66.797,64.091,66.598,0,NaN,55.59475989993955,78.83629455673862,-0.1384533724038444
1124053200,66.598,66.782,65.142,66.002,0,NaN,53.4902157135763,72.6154692828413,-0.09640729500306572
1124226000,66.002,66.443,62.196,63.566,0,NaN,67.98448406483078,62.388925687923674,-0.09418690321601392
1124398800,63.566,66.082,63.375,64.914,0,NaN,58.93663987249702,54.00202471294894,-0.18171578953800221
1124744400,64.914,67.51,64.163,67.173,0,NaN,68.67051839004716,78.49932036734674,-0.27765421739523366
1124917200,67.173,67.493,65.459,65.757,0,NaN,42.50013617360799,49.04237436099625,-0.29898758929736974
1125262800,65.757,70.449,65.757,69.369,0,NaN,68.94555537173996,59.541596763946316,-0.45384956244226143
1125435600,69.369,70.264,67.436,69.147,0,NaN,64.55206206418599,60.04287052126844,-0.5417671516639447
1125608400,69.147,69.307,66.973,67.173,0,NaN,19.565177179398248,28.931681459551086,-0.5955192200155439
1125954000,67.173,67.301,63.676,64.415,0,NaN,-11.90068730500798,-2.249600034903672,-0.6728876592974125
1126126800,64.415,65.152,62.893,63.91,0,NaN,-38.01975582882635,-30.410869883784027,-0.7297739588218117
1126472400,63.91,64.262,62.413,63.022,0,NaN,-39.26959123675137,-31.105824476084262,-0.773180102545878
1126645200,63.022,65.567,62.933,64.731,0,NaN,-15.365146530703033,0.3426931577988501,-0.7677074374864498
1126818000,64.731,67.305,62.898,67.067,0,NaN,-3.4466501466808026,9.091144159360262,-0.7685411742130425
1127163600,67.067,67.989,64.725,67.056,0,NaN,-23.158726603080943,-13.486407774528455,-0.7429382658981284
1127336400,67.056,67.869,63.607,63.956,0,NaN,-28.895282607804468,-27.452599781758007,-0.6026500228474163
1127682000,63.956,65.947,62.686,64.86,0,NaN,-53.530482638427316,-49.36856702257801,-0.4860560201616575
1127854800,64.86,67.191,64.396,66.334,0,NaN,-32.93476294428086,-43.15389636397842,-0.3337618657721483
1128027600,66.334,66.838,64.834,65.284,0,NaN,-36.924194785390796,-50.99002266017635,-0.2233997988323744
1128373200,65.284,65.315,62.388,62.568,0,NaN,-30.678096444202364,-55.853268066642464,-0.081141635133635
1128546000,62.568,62.568,60.578,61.686,0,NaN,-28.997077545598625,-53.88606493260518,-0.0032762688073092556
1128891600,61.686,63.869,60.264,63.769,0,NaN,-2.9253883982805,-24.190552191664235,0.023995542233016667
1129064400,63.769,64.626,62.387,62.798,0,NaN,-26.974395127145932,-46.196647264255,0.17908847405528167
1129237200,62.798,64.033,61.146,63.727,0,NaN,-40.14504682127722,-53.591990246166134,0.22985873983322128
1129582800,63.727,63.806,60.915,61.908,0,NaN,-53.55402809491348,-66.1594106515181,0.30567443259977034
1129755600,61.908,61.968,59.44,60.946,0,NaN,-45.01870784391339,-53.154421289291996,0.32180793883924513
1130101200,60.946,62.817,59.564,62.475,0,NaN,-46.66274258924186,-42.92643820120587,0.4170679414705895
1130274000,62.475,63.21,60.49,61.231,0,NaN,-66.78211908445444,-55.776361266415705,0.4202902585578612
1130446800,61.231,61.718,59.469,59.999,0,NaN,-59.97551987597005,-58.306111905554616,0.3656137275042104
1130796000,59.999,60.586,58.929,59.931,0,NaN,-38.32691496904795,-38.81304503315668,0.4524881255454419
1130968800,59.931,62.329,59.837,60.766,0,NaN,-15.48205833714897,-22.915570128675494,0.5468535033495561
1131314400,60.766,60.766,58.735,59.767,0,NaN,-47.43985209913129,-62.946441557784944,0.6794060807728829
1131487200,59.767,60.521,57.506,57.755,0,NaN,-55.39507188426617,-68.16525326145945,0.7633610270854639
1131660000,57.755,58.299,57.029,57.78,0,NaN,-61.837954116393256,-80.43262859413342,0.7846314195074547
1132005600,57.78,58.464,56.774,57.88,0,NaN,-48.5728685772374,-65.54496784764711,0.7585407887836298
1132178400,57.88,58.495,55.828,56.772,0,NaN,-52.01955776191477,-67.42256117699861,0.7782010163235101
1132524000,56.772,58.615,56.622,58.506,0,NaN,-46.43878452553568,-60.39442537520443,0.7783200904709643
1132696800,58.506,58.674,57.497,57.994,0,NaN,-39.50729207590817,-58.62565327612185,0.7952996519773009
1132869600,57.994,57.994,56.339,57.017,0,NaN,-49.048357427788986,-61.058177400028434,0.8132144144297044
1133215200,57.017,57.397,55.384,57.179,0,NaN,-47.92892250333897,-50.49656206732962,0.8214183886705307
1133388000,57.179,59.239,56.7,58.991,0,NaN,-53.17150874172536,-44.82329503979966,0.8186607913392668
1133733600,58.991,60.535,58.991,59.788,0,NaN,-38.854394230173554,-17.5371795897629,0.8111776107772664
1133906400,59.788,60.987,58.83,60.739,0,NaN,-9.635403704363126,8.38750813112873,0.750260935673216
1134079200,60.739,61.348,58.841,61.228,0,NaN,-11.256797887322621,20.645965030013194,0.6836420680003621
1134424800,61.228,61.773,60.455,60.475,0,NaN,-17.032149489922457,20.05782891129963,0.6363666369104028
1134597600,60.475,61.107,57.914,58.061,0,NaN,-18.110912854630044,11.215876158027868,0.6313805777825762
1134943200,58.061,58.629,56.862,57.309,0,NaN,-30.730629153683594,-13.91505676839201,0.5490693972134029
1135116000,57.309,58.457,56.719,57.463,0,NaN,-22.765389836669815,-16.651776479426623,0.48391867011100853
1135288800,57.463,57.713,56.872,57.663,0,NaN,-4.464562763453365,-1.6068555164605858,0.47173249794776495
1135634400,57.663,59.781,56.636,59.409,0,NaN,8.09999680873426,11.100555817140371,0.291455439667226
1135807200,59.409,60.629,58.766,60.333,0,NaN,2.051121625816215,0.8529116409666866,0.12335115317983553
1136152800,60.333,63.276,60.288,62.348,0,NaN,12.667066648182598,10.382953239366149,-0.0597163606857325
1136325600,62.348,63.252,61.771,62.249,0,NaN,-7.253821624737192,15.093952915508325,0.03902560863425239
1136498400,62.249,64.257,62.19,63.045,0,NaN,-4.938696278572735,15.747155445009277,0.26560790860970523
1136844000,63.045,64.516,62.321,63.903,0,NaN,10.707282270513119,22.513642428210147,0.40672579766254524
1137016800,63.903,64.792,62.907,63.579,0,NaN,22.96093797563327,40.72917495020468,0.5576488309812402
1137362400,63.579,66.728,63.579,66.718,0,NaN,56.081631654742864,77.77856678084211,0.6019684608872169
1137535200,66.718,66.904,65.091,66.776,0,NaN,57.11755994028613,83.89375018599557,0.5815783277542527
1137708000,66.776,68.611,66.719,67.239,0,NaN,52.284012798605744,84.95176071928128,0.5599163822689467
1138053600,67.239,67.551,64.896,65.045,0,NaN,11.375042413208895,54.564791469203485,0.5366534366622836
1138226400,65.045,67.462,64.808,67.314,0,NaN,28.96948876668626,66.16646059270501,0.49089126702846025
1138572000,67.314,68.227,66.823,67.441,0,NaN,10.173143666913163,41.0022721751738,0.48847545911690693
1138744800,67.441,68.603,64.048,64.518,0,NaN,-7.6713387334802,6.1352555460921,0.49255502769555437
1138917600,64.518,66.317,63.569,64.492,0,NaN,-2.658700327548221,-5.597324515099309,0.440408580267534
1139263200,64.492,64.661,62.064,62.397,0,NaN,-40.627475053708025,-33.823606880005094,0.459642354981799
1139436000,62.397,63.478,61.004,61.803,0,NaN,-42.85478136098044,-36.39791325287845,0.4860073137573939
1139781600,61.803,62.021,59.22,59.411,0,NaN,-100.00000000000003,-81.92664897821228,0.5284125812734216
1139954400,59.411,59.941,57.214,58.823,0,NaN,-100.00000000000001,-87.99554650555594,0.5194236500566868
1140127200,58.823,59.501,58.572,59.259,0,NaN,-97.31293954771697,-88.37225545693376,0.5243807059856331
1140472800,59.259,61.202,58.897,59.041,0,NaN,-76.38490334752217,-81.8917069986138,0.5407371846746352
1140645600,59.041,61.677,58.153,61.289,0,NaN,-78.2579298856057,-87.84997767827285,0.5348005308270853
1140991200,61.289,61.423,59.028,60.503,0,NaN,-85.07811366194338,-90.59773571032447,0.5616273090788331
1141164000,60.503,62.465,60.196,62.381,0,NaN,-48.696705112435964,-49.64591660283705,0.5799575480829373
1141336800,62.381,62.909,60.868,61.301,0,NaN,-62.225951545394075,-52.81557334572044,0.6593535430078099
1141682400,61.301,61.843,58.472,59.105,0,NaN,-61.060771188019885,-55.93479448662936,0.6987673060450055
1141855200,59.105,60.164,58.824,59.237,0,NaN,-52.971330570331254,-48.346900007113135,0.7678429853197308
1142200800,59.237,62.92,59.051,62.519,0,NaN,4.303722258319773,8.475188248060451,0.7522178041328498
1142373600,62.519,63.573,61.325,63.483,0,NaN,18.42930847858667,29.50296852800313,0.701818906983611
1142546400,63.483,63.731,60.352,60.65,0,NaN,0.7967300299195799,3.2282380710751077,0.6145674622934005
1142892000,60.65,61.562,59.947,60.835,0,NaN,0.832482543256809,1.6157638069240932,0.5593429831462234
1143064800,60.835,63.509,60.636,63.075,0,NaN,24.435891407644192,2.020174137427041,0.2725722510634621
1143410400,63.075,65.122,62.366,64.862,0,NaN,63.260510697807234,34.23831659022599,-0.21051556920096556
1143583200,64.862,66.3,64.544,65.91,0,NaN,47.66571981745038,20.310128518190588,-0.5416787367453244
1143756000,65.91,67.074,64.664,65.582,0,NaN,53.84222756996276,28.429053974643494,-0.6276232245249549
1144098000,65.582,66.684,64.828,66.586,0,NaN,75.09448634530719,78.40594862500856,-0.5537818156652735
1144270800,66.586,67.511,66.027,66.725,0,NaN,74.99375381721762,77.25799520170916,-0.5917959414431128
1144616400,66.725,68.982,66.7,68.41,0,NaN,49.60015005387997,50.11349834180787,-0.5461615128183142
1144789200,68.41,69.192,67.513,69.05,0,NaN,60.95620568239285,40.801241556976656,-0.491231729498356
1144962000,69.05,70.47,69.05,70.451,0,NaN,87.4526957531164,82.06955386024181,-0.35394487178465156
1145307600,70.451,72.904,70.21,72.566,0,NaN,100,100,-0.18111048999842322
1145480400,72.566,73.925,71.276,73.779,0,NaN,71.22230595311225,97.3034656828358,-0.049692445163944624
1145826000,73.779,73.927,70.561,71.584,0,NaN,16.802387424305252,53.94394325510645,-0.005886865182384362
1145998800,71.584,72.037,69.562,69.703,0,NaN,-18.423088621636275,32.57783774120685,0.06541032719656281
1146171600,69.703,72.872,69.439,72.786,0,NaN,16.891260351697348,64.80981861454896,0.12037916065590726
1146517200,72.786,74.084,71.254,71.264,0,NaN,-7.89725145467782,39.94969779653589,0.2820699381553302
1146690000,71.264,71.447,68.53,69.447,0,NaN,-35.15640331485056,24.192756579687227,0.4266799770481772
1147035600,69.447,70.876,67.654,70.019,0,NaN,-41.471362707906856,23.555206016441197,0.5716719253159017
1147208400,70.019,73.341,69.078,72.161,0,NaN,-36.16966762968016,37.60904936406541,0.6954033524723733
1147381200,72.161,72.886,68.405,68.525,0,NaN,-61.92600022324229,-1.5943070742848562,0.7082850136170495
1147726800,68.525,70.431,67.982,68.2,0,NaN,-75.88717896998563,-29.018315212816585,0.7593653273570138
1147899600,68.2,69.87,67.672,68.484,0,NaN,-83.8087326728399,-43.46117591891206,0.6876924425251145
1148245200,68.484,71.45,67.476,70.473,0,NaN,-43.11753566060063,-8.633372916654702,0.6069605732214614
1148418000,70.473,70.988,68.715,70.819,0,NaN,-9.912486525667372,8.87586950418633,0.4922572176796254
1148590800,70.819,71.275,70.241,70.78,0,NaN,-35.7975124317774,-23.56135057495785,0.37002486477995705
1148936400,70.78,72.219,69.561,70.897,0,NaN,-3.215912945509455,-12.174087118716342,0.2916396571275632
1149109200,70.897,72.047,69.584,71.997,0,NaN,30.52070531659126,8.239959460385393,0.01610910348379148
1149454800,71.997,73.445,70.998,72.199,0,NaN,39.11931397453141,4.504095972758147,-0.15567232605106177
1149627600,72.199,72.23,68.808,70.128,0,NaN,-3.3503585871799793,-38.58911000015114,-0.1664901180558966
1149800400,70.128,72.138,69.669,69.856,0,NaN,10.794080906758161,-19.459052745726826,-0.06929232815303128
1150146000,69.856,69.98,67.943,69.056,0,NaN,16.203463907794877,-26.58443246158384,0.004583438060941693
1150318800,69.056,70.339,68.699,69.803,0,NaN,16.554969497301563,-17.530433790685485,-0.03500551092665431
1150664400,69.873,70.11,68.482,68.961,0,NaN,-12.01862664593079,-43.474782889968466,0.016494447692510315
1150837200,68.961,70.947,68.549,70.682,0,NaN,7.847004175935684,-31.967745553439222,0.013740106404884045
1151010000,70.682,71.684,70.02,71.625,0,NaN,18.568674877828407,-28.890980804164514,-0.12198454756780212
1151355600,71.625,72.568,71.383,72.281,0,NaN,21.227973392138438,-24.60397446308376,-0.2815819547780365
1151528400,72.281,73.963,72.108,73.785,0,NaN,10.310109881072751,-13.603164744292403,-0.25176453532742626
1151874000,73.666,74.317,72.019,73.74,0,NaN,-5.551629519557954,-15.448580350266615,-0.2853036229665251
1152046800,73.74,75.217,73.236,74.669,0,NaN,26.510112591083043,16.28095503693281,-0.401020686282124
1152219600,74.669,75.653,72.807,73.398,0,NaN,21.476662507659412,11.83762487095165,-0.2462078730826063
1152565200,73.398,75.185,73.252,75.015,0,NaN,30.43216062060735,36.749777545537626,0.12830870053944884
1152738000,75.015,78.154,75.015,76.792,0,NaN,43.16496778579558,39.32859148859074,0.47691995013004707
1153083600,76.742,77.702,73.481,73.931,0,NaN,28.331327941071464,23.453320621903053,0.591619544347372
1153256400,73.931,74.087,71.752,72.439,0,NaN,-17.20492238446731,-14.538567230899442,0.6071665949592726
1153429200,72.439,73.674,71.993,73.563,0,NaN,-20.061558903391088,-0.6400061780254305,0.6192042337982915
1153774800,73.563,74.273,72.099,72.637,0,NaN,-47.82989104900254,-16.962806328599267,0.555955076025236
1153947600,72.637,73.543,71.517,72.11,0,NaN,-59.04567155413758,-34.64208447852499,0.4817739086378522
1154293200,72.081,74.332,71.588,73.998,0,NaN,-36.95887957979025,-20.508455156415003,0.5093913629919065
1154466000,73.998,75.419,73.644,74.497,0,NaN,-34.38953456094822,-21.23376353601349,0.5282253768263515
1154638800,74.497,76.48,73.209,76.241,0,NaN,-4.515269526429552,4.476176035639742,0.5107363082049349
1154984400,76.241,76.688,75.355,75.555,0,NaN,-25.31951223594821,-11.307363396693678,0.47720043413727686
1155157200,75.555,75.845,73.167,73.806,0,NaN,-59.820122932653405,-35.54081143105077,0.43777517402694427
1155502800,73.797,73.797,72.179,72.551,0,NaN,-50.6941378982266,-27.912144481974202,0.3154757267535458
1155675600,72.551,72.828,69.744,70.292,0,NaN,-48.563001298012736,-26.1466779295749,0.09899360491694445
1155848400,70.292,72.313,69.39,72.207,0,NaN,-40.73330050077524,-23.586740885038985,-0.030928769676955535
1156194000,72.207,72.426,70.123,70.72,0,NaN,-39.60258201350243,-24.67661133936487,-0.1307259748616868
1156366800,70.72,72.804,70.411,71.51,0,NaN,-13.072061988648112,-20.1867015060751,-0.055411404165635524
1156712400,71.57,71.57,68.545,68.99,0,NaN,-66.88893910818238,-60.46917597690293,0.04953926707017546
1156885200,68.99,70.114,67.937,69.612,0,NaN,-70.17246845427272,-58.66249027844897,0.2708658016617629
1157058000,69.612,69.987,67.231,67.482,0,NaN,-99.99999999999999,-89.07475226753033,0.29439054719763175
1157403600,67.482,68.533,66.984,67.136,0,NaN,-90.89227226693953,-88.56506923555564,0.3687671867033057
1157576400,67.136,67.531,65.607,65.86,0,NaN,-76.09186676231772,-90.32069868741551,0.5151239764160868
1157922000,65.791,66.201,63.339,63.4,0,NaN,-87.1022888784502,-98.30347024306286,0.6389466641394292
1158094800,63.4,64.533,62.811,63.203,0,NaN,-76.699133499976,-85.06781757623072,0.6811618719980067
1158267600,63.203,64.382,61.89,63.767,0,NaN,-84.8802585721676,-96.67245739682787,0.6845559705278864
1158613200,63.767,64.537,60.061,60.281,0,NaN,-99.99999999999999,-100,0.6372802984347405
1158786000,60.281,61.726,59.68,59.821,0,NaN,-100,-99.99999999999997,0.7101839273772484
1159131600,59.802,61.679,59.063,60.688,0,NaN,-68.43271428070817,-75.65906328996672,0.7387890536105158
1159304400,60.688,63.572,59.679,62.215,0,NaN,-55.81133559674879,-73.38135769587518,0.7330780649968691
1159477200,62.215,62.959,60.508,60.51,0,NaN,-47.387472368878456,-72.85952465101983,0.7496955781226615
1159822800,60.51,60.823,57.467,59.402,0,NaN,-56.25196309262483,-77.98075717538191,0.7195361057469972
1159995600,59.402,60.686,58.587,59.507,0,NaN,-52.551544340801556,-65.73006786349295,0.6921735108490549
1160341200,59.567,61.094,58.222,58.323,0,NaN,-45.24940596509958,-58.13935689286186,0.6114124966086011
1160514000,58.323,58.935,57.075,58.169,0,NaN,-48.01955327697426,-62.02331990703036,0.4170886760911211
1160686800,58.169,60.047,57.927,60.027,0,NaN,-37.66340319084675,-49.83626426677563,0.1695133780762116
1161032400,60.027,60.478,57.313,57.648,0,NaN,-30.884587648860773,-40.43381523255359,-0.04847226417599785
1161205200,57.648,59.617,57.48,57.728,0,NaN,-31.235056787478,-36.5904032041752,-0.06055561224799448
1161550800,57.748,58.261,56.668,58.016,0,NaN,-33.17941447636457,-43.792719327556995,-0.15070124289394166
1161723600,58.016,60.397,57.837,58.938,0,NaN,-48.10011168992784,-44.01019565946464,-0.18040380143974769
1161896400,58.938,59.854,57.118,57.3,0,NaN,-53.297016755229194,-37.051519757185744,-0.41419579061311357
1162245600,57.3,58.405,56.013,57.595,0,NaN,-47.316102157306936,-24.8658579471354,-0.5424604151975456
1162418400,57.595,58.424,56.649,58.295,0,NaN,-37.750735994172274,-18.203414430563424,-0.6212050070551435
1162764000,58.306,59.772,57.721,58.369,0,NaN,-27.414698772902717,-5.531138544181141,-0.6141725847217945
1162936800,58.369,60.691,58.193,60.42,0,NaN,10.099826451333321,20.915462687604414,-0.5598306960981243
1163109600,60.42,60.546,57.836,58.235,0,NaN,-27.51090706189493,-14.112237346408161,-0.6285662624803686
1163455200,58.235,59.081,57.793,58.485,0,NaN,-0.09232956217838978,7.29836814191561,-0.6262661520722013
1163628000,58.485,59.466,56.025,57.113,0,NaN,-16.02847590825428,-11.926248910237994,-0.6578729011600837
1163973600,57.171,58.761,56.355,58.533,0,NaN,-6.346592574543203,2.1358240766684933,-0.5908022447105853
1164146400,58.533,58.777,56.831,57.698,0,NaN,-23.385582169380907,-11.34909466885903,-0.49980120024018465
1164319200,57.698,59.151,57.535,59.038,0,NaN,10.939841461386711,11.476868792573232,-0.3159077306201079
1164664800,59.038,61.329,58.95,61.208,0,NaN,33.79342726251188,34.84621381273236,0.05375275106230111
1164837600,61.208,62.583,60.998,62.442,0,NaN,29.576449885039743,39.669712212819924,0.4579707514436633
1165183200,62.433,62.817,60.659,61.63,0,NaN,25.29881642087339,40.31494820672921,0.5690197655904249
1165356000,61.63,62.183,60.792,61.973,0,NaN,-1.8964483613290282,22.021499669340002,0.6526491627628264
1165528800,61.973,62.926,60.533,60.767,0,NaN,8.23916652157568,27.22751778983602,0.740934065352308
1165874400,60.767,61.534,60.19,61.019,0,NaN,9.218770548042716,26.283710801760165,0.7458677695563338
1166047200,61.019,63.198,60.99,62.905,0,NaN,55.53200233338129,58.208315739507526,0.765199766296705
1166392800,62.926,63.682,61.906,63.063,0,NaN,40.06375778542814,39.9401740384612,0.7844392727470728
1166565600,63.063,63.777,61.949,62.319,0,NaN,44.121892412492336,40.39352484186897,0.8280220680394696
1166738400,62.319,62.743,61.761,62.022,0,NaN,30.160897827695212,23.621413063109564,0.8192005532402086
1167084000,61.972,62.896,59.975,60.155,0,NaN,-10.632944267634686,-23.799992903914493,0.771314235497662
1167256800,60.155,60.911,59.695,60.744,0,NaN,-16.37883281210321,-27.734788808650894,0.7142091106646218
1167602400,60.814,61.331,60.196,60.677,0,NaN,-17.097003713377166,-27.38210703662068,0.6331025333065748
1167775200,60.677,60.758,55.305,55.315,0,NaN,-65.47708179964249,-77.59209288997062,0.35209431101256006
1167948000,55.315,57.575,54.733,55.951,0,NaN,-46.18158592236631,-63.87535024469039,0.1540468572748253
1168293600,55.951,56.07,53.347,53.397,0,NaN,-72.51128431829821,-88.40205496155157,-0.015942705443727896
1168466400,53.397,54.622,51.467,52.857,0,NaN,-100.00000000000001,-100,-0.2099996450987455
1168812000,52.957,53.479,50.476,51.196,0,NaN,-99.99999999999999,-99.99999999999997,-0.34876020396853075
1168984800,51.196,52.702,50.208,50.874,0,NaN,-99.99999999999997,-100,-0.536624168734219
1169157600,50.874,53.801,50.583,51.859,0,NaN,-89.67142820468791,-88.87327221254915,-0.697236640655801
1169503200,51.859,54.651,51.608,54.595,0,NaN,-34.42035362049978,-48.98839334050407,-0.7296163205025138
1169676000,54.595,55.09,53.359,54.841,0,NaN,-19.749781460798623,-48.422650971669384,-0.6998388260904019
1170021600,54.763,56.409,53.167,56.215,0,NaN,5.470365066496722,-35.39889053632322,-0.6764258351904288
1170194400,56.215,58.268,55.158,56.859,0,NaN,67.07521950485493,26.579272079236425,-0.656013654806646
1170367200,56.859,59.462,56.545,58.369,0,NaN,71.53682388334869,44.47021633844321,-0.63958054902727
1170712800,58.369,59.512,56.85,57.32,0,NaN,89.05850640202843,66.19614881748086,-0.6098605271434434
1170885600,57.32,60.439,56.922,59.399,0,NaN,100,100,-0.5711482509868726
1171231200,59.399,59.474,57.01,58.809,0,NaN,100,100,-0.5078144860852523
1171404000,58.809,59.061,56.46,57.845,0,NaN,92.92274433475318,99.37659921099466,-0.4351188117953656
1171576800,57.845,59.312,57.483,58.745,0,NaN,89.02603082969671,96.88685509034462,-0.3736519715987812
1171922400,58.745,60.119,57.272,59.635,0,NaN,56.02363132641715,72.43324100602838,-0.31520058055129524
1172095200,59.635,61.315,59.118,60.406,0,NaN,55.00503133685737,79.81301203453093,-0.3364843228613577
1172440800,60.397,61.829,59.661,59.826,0,NaN,33.40935931675948,59.357514015617646,-0.49208646549309704
1172613600,59.826,62.111,59.529,61.395,0,NaN,48.07622819455886,68.97656987425121,-0.41922870885165153
1172786400,61.395,62.042,59.268,59.66,0,NaN,27.407786983445547,36.92907429488459,-0.4544549313456758
1173132000,59.66,61.797,59.373,61.55,0,NaN,52.46102861556006,62.15757957670892,-0.5027962493231951
1173304800,61.55,62.061,59.665,59.755,0,NaN,11.246659551301848,25.28465736192203,-0.528393598841676
1173646800,59.815,59.815,57.641,58.033,0,NaN,-0.9560017823640692,14.193069359414219,-0.5216925737567996
1173819600,58.033,58.54,57.189,57.44,0,NaN,2.547892368300774,14.816695959239755,-0.36722915994377453
1173992400,57.44,58.569,56.51,57.726,0,NaN,-7.896024886266424,8.486626165404399,-0.08767498296010126
1174338000,57.726,58.033,57.062,58.023,0,NaN,-16.328989586986953,4.914432595237235,-0.06759026664841271
1174510800,58.023,60.634,57.915,60.258,0,NaN,0.07028489864392462,24.021489262638134,-0.06253641989250444
1174856400,60.24,66.227,60.24,62.891,0,NaN,28.749533483503885,50.35861482032098,0.07575972085104687
1175029200,62.891,64.774,61.635,64.392,0,NaN,24.64250808344824,46.816532140041915,0.19898656015561347
1175202000,64.392,65.308,63.701,64.357,0,NaN,22.79833878759255,64.76552991882765,0.3732499225326511
1175547600,64.357,64.61,62.373,63.249,0,NaN,-1.5701764834202923,40.154388991747496,0.4773677890571087
1175720400,63.249,63.8,62.497,62.842,0,NaN,14.716827940198497,50.828118905346074,0.5104487515669942
1176066000,62.842,63.154,60.577,61.149,0,NaN,12.016316322148578,54.15133652076676,0.48040801935241095
1176238800,61.149,63.371,60.884,63.351,0,NaN,43.126665047479314,81.82097096431062,0.4677585096438964
1176411600,63.351,64.021,62.242,63.346,0,NaN,43.078066296505625,82.01354617489406,0.4691076361407104
1176757200,63.346,64.392,62.132,62.877,0,NaN,38.73492173532024,74.25792608365626,0.47762673855645665
1176930000,62.877,63.476,61.333,62.908,0,NaN,12.75080467209259,48.61308464727647,0.48970001835621846
1177275600,62.928,65.119,62.513,63.461,0,NaN,1.892979992250675,31.427424484223046,0.4390849256916306
1177448400,63.461,65.305,63.39,64.259,0,NaN,-5.966831419338227,25.36326897532894,0.3971281447632117
1177621200,64.259,65.685,63.548,64.679,0,NaN,2.821867288741413,29.2570751082941,0.2463287982252179
1177966800,64.679,65.263,62.245,62.678,0,NaN,-0.8519214202016201,19.271584985104784,0.20047397941593786
1178139600,62.678,63.304,60.856,61.057,0,NaN,-10.417661984091467,6.339994712042651,0.1531580601362575
1178485200,60.959,62.018,60.264,61.649,0,NaN,12.972413884589281,30.11564591325393,0.04898310456613399
1178658000,61.649,62.012,60.172,61.36,0,NaN,-8.65247958502523,2.165854348900355,0.038687528885071626
1178830800,61.36,62.73,61.228,62.163,0,NaN,-1.1110217717254418,5.023132924153064,0.16508528956441657
1179176400,62.163,63.037,61.657,62.391,0,NaN,14.143106837150802,11.734341715223906,0.25031638696674346
1179349200,62.391,65.461,62.244,64.898,0,NaN,38.29743457637586,29.021046274160792,0.050008923949770266
1179694800,64.839,66.204,64.405,64.757,0,NaN,26.8148080177393,22.940800625078793,-0.11815815758321631
1179867600,64.757,65.342,63.053,63.57,0,NaN,8.933214093994927,3.283529838800389,-0.18075783400593565
1180040400,63.57,64.548,63.464,63.891,0,NaN,11.513569097280625,3.0164024838975525,-0.3057110788082075
1180386000,63.891,64.132,61.926,62.789,0,NaN,13.837509343078985,11.477395647197213,-0.2962234722128708
1180558800,62.789,64.696,61.87,64.283,0,NaN,32.68792712627486,42.511648195206675,-0.35235285886860784
1180904400,64.333,66.001,64.057,65.192,0,NaN,37.174796815733174,44.01897249137575,-0.3189130872039333
1181077200,65.192,67.022,64.797,66.324,0,NaN,48.07107797936194,62.849914894903904,-0.37842488974641036
1181250000,66.324,66.451,64.214,65.616,0,NaN,34.886976692674196,46.20632099841279,-0.4290722390628301
1181595600,65.616,66.267,64.635,65.804,0,NaN,30.535943546621027,40.259321749716634,-0.44529426775807507
1181768400,65.804,68.133,65.748,67.998,0,NaN,26.545572992403606,38.002132385895024,-0.41194216460789346
1182114000,68.098,69.568,67.329,69.013,0,NaN,30.862718700449594,49.88948927243939,-0.3795173058965983
1182286800,69.013,69.502,67.273,68.272,0,NaN,35.10412628807369,56.36965931585273,-0.31213178005584197
1182459600,68.272,69.138,67.234,68.741,0,NaN,36.00986320710876,56.32916262338611,-0.26859384833423744
1182805200,68.741,69.064,66.779,68.697,0,NaN,56.721027498802925,69.5689166033303,-0.22882240590982586
1182978000,68.697,70.783,68.633,70.256,0,NaN,55.51409463811514,69.66675258905879,-0.10625223931960517
1183323600,70.326,71.224,69.335,71.076,0,NaN,52.04942884899592,70.12680232879708,0.08048883434683347
1183496400,71.076,72.136,70.61,71.531,0,NaN,47.52877844309828,63.78294980994127,0.31949381522527665
1183669200,71.531,72.848,71.367,71.883,0,NaN,55.62184048381296,76.10931183357903,0.6246940308988599
1184014800,71.883,72.943,71.461,72.339,0,NaN,54.8757964119697,85.34137007641849,0.883101933118852
1184187600,72.339,73.914,71.811,73.864,0,NaN,41.1001490906464,81.60074814782459,0.9085891991626355
1184533200,73.874,75.304,73.506,74.149,0,NaN,36.01655489518056,74.36085878172582,0.9104794278527518
1184706000,74.149,75.953,73.866,75.903,0,NaN,52.83443658977534,94.36641912480788,0.919507762130116
1184878800,75.903,76.196,74.269,74.77,0,NaN,36.6476279456177,82.7834564930367,0.9118018391184167
1185224400,74.77,76.159,72.748,76.119,0,NaN,41.020414467283075,93.1573855037511,0.9087293260049034
1185397200,76.119,77.079,74.457,76.829,0,NaN,61.50647009635453,82.18468384572026,0.8358557178188125
1185742800,76.849,78.151,75.918,77.812,0,NaN,65.06353601381458,77.40480420468054,0.7622213534776967
1185915600,77.812,78.645,75.405,76.825,0,NaN,53.59277101071681,61.98351956519978,0.6660958476196532
1186088400,76.825,77.249,71.515,72.035,0,NaN,13.472500615038335,25.89744128647794,0.6070780842527526
1186434000,72.035,73.094,71.06,72.176,0,NaN,7.370841683470891,17.038104394365384,0.5366668471123985
1186606800,72.176,72.328,70.038,71.618,0,NaN,9.920823841084152,-2.562062883920351,0.4587787128006384
1186952400,71.618,73.143,71.075,72.71,0,NaN,23.975799233893085,0.7715531559634599,0.3832423891840066
1187125200,72.71,74.194,70.081,71.652,0,NaN,39.530633222258295,-26.407888446501836,0.3623013005227253
1187298000,71.652,72.515,70.168,71.16,0,NaN,31.846687163980196,-20.14524683575474,0.435228185494501
1187643600,71.16,71.787,68.85,69.58,0,NaN,10.269756716103869,-43.69924275738139,0.5465362416623641
1187816400,69.58,71.562,69.243,71.41,0,NaN,-12.892269854823368,-29.69925175481265,0.6093170021870127
1188162000,71.34,72.438,70.386,71.79,0,NaN,-10.606558179964505,-27.92156094704073,0.6601710647590442
1188334800,71.79,74.134,71.586,73.719,0,NaN,14.586161199085026,-6.310373698889904,0.651286311078659
1188507600,73.719,74.741,73.565,74.368,0,NaN,54.18310743673778,29.79481718030612,0.6348961978800747
1188853200,74.368,76.045,73.611,75.974,0,NaN,68.43734446203331,43.55119514726391,0.5874069310316563
1189026000,75.974,77.551,75.446,76.809,0,NaN,64.22742791334275,58.0135840555739,0.5265059206066408
1189371600,76.819,78.556,75.605,78.197,0,NaN,54.85878629275585,66.5529941209025,0.4351569111631365
1189544400,78.197,80.264,78.083,79.971,0,NaN,37.52477320505918,96.9621206004217,0.28472457832855325
1189717200,79.971,80.867,78.28,80.837,0,NaN,72.1489603235128,100,0.1449396937998265
1190062800,80.837,82.468,80.25,81.879,0,NaN,80.1701445293182,100,0.055044321412751535
1190235600,81.879,83.559,81.494,82.431,0,NaN,74.51403475787497,89.29296933860273,-0.031847400299516056
1190581200,82.491,82.677,79.979,80.413,0,NaN,45.06552094482271,74.09347322100669,-0.09301666294284801
1190754000,80.413,84.074,79.41,83.96,0,NaN,46.37876626469474,85.01036930519739,-0.06645286613309156
1190926800,83.96,84.721,80.242,81.045,0,NaN,11.765638333463633,60.856381688886565,0.09513535496379691
1191272400,81.045,81.611,79.62,80.424,0,NaN,4.1001436562434685,47.9489528032798,0.2916237044299863
1191445200,80.424,82.45,79.591,81.669,0,NaN,-0.5199451354382489,45.14248636039541,0.46690783188486373
1191790800,81.608,81.682,78.872,80.661,0,NaN,-14.350016869210439,26.894083794869058,0.6600954460312076
1191963600,80.661,84.109,80.181,83.37,0,NaN,-6.7216446146084685,29.453895954187225,0.6398131460850951
1192136400,83.37,86.996,83.097,86.835,0,NaN,8.462713001385374,46.919508763863085,0.5803348810744486
1192482000,86.835,89.098,86.386,87.285,0,NaN,28.375977732479893,44.04708333566198,0.3861389455732899
1192654800,87.285,90.015,87.245,88.171,0,NaN,31.213340295554442,43.05714335697674,0.20756131617743268
1193000400,88.058,88.362,86.03,86.314,0,NaN,36.66590172679196,45.06028703433334,0.13277951491303827
1193173200,86.314,91.754,85.906,91.536,0,NaN,42.29738654021115,47.57755302397702,0.11206551250090444
1193346000,91.536,94.781,91.422,94.725,0,NaN,89.01396257103924,89.59808026571305,0.11944898041495539
1193691600,94.725,96.254,89.881,96.244,0,NaN,87.24503663470232,100,0.1390174665546093
1193864400,96.244,97.232,92.986,96.78,0,NaN,100,100,-0.04297242921126234
1194213600,96.648,97.788,94.467,97.595,0,NaN,100,100,-0.26468172742146817
1194386400,97.595,99.313,95.267,96.367,0,NaN,61.426988048612074,71.91702851149381,-0.3464721384824552
1194559200,96.367,97.246,93.944,94.029,0,NaN,29.399782316912592,29.91635585133166,-0.5317473656482186
1194904800,94.029,95.075,90.463,94.253,0,NaN,-3.517908850223442,24.835489705214535,-0.5752976032047085
1195077600,94.253,95.615,91.744,95.145,0,NaN,16.022919567895784,25.30228962160679,-0.6183775838976868
1195423200,95.033,99.775,94.295,99.378,0,NaN,86.81145947868865,62.594069907788565,-0.5746573401129407
1195596000,99.378,100.445,97.402,97.583,0,NaN,34.91799207370994,18.317910544326097,-0.5864664002379002
1195768800,97.583,100.055,97.188,97.644,0,NaN,13.64019764442996,-3.645058443844448,-0.5532787156568394
1196114400,97.644,98.173,91.107,92.162,0,NaN,-57.559126210403804,-50.50231753711282,-0.49708345623598826
1196287200,92.162,95.968,89.141,89.501,0,NaN,-91.78727531902534,-76.37107383093158,-0.460957705958311
1196632800,89.39,90.587,87.725,88.789,0,NaN,-89.45920624829625,-90.64950811751451,-0.3970094521293249
1196805600,88.789,91.227,86.302,91.012,0,NaN,-65.81580982962484,-74.54788734791468,-0.3542736215094198
1196978400,91.012,91.155,87.432,88.713,0,NaN,-100,-78.73342912474237,-0.388640497665018
1197324000,88.713,95.149,88.388,94.442,0,NaN,-33.418024813050806,-40.142294014597,-0.3688542262029348
1197496800,94.442,95.123,90.818,91.673,0,NaN,-51.29148377530846,-66.21201298923337,-0.4814440804803728
1197842400,91.793,93.029,89.178,90.358,0,NaN,-97.39476257766194,-100,-0.5368949223443344
1198015200,90.358,92.368,89.727,91.227,0,NaN,-88.0254761799296,-91.50996552153842,-0.46395147660152214
1198188000,91.227,94.254,90.856,94.024,0,NaN,-76.41696491125103,-77.54713561590692,-0.4659990957408099
1198533600,94.024,96.563,94.013,95.833,0,NaN,3.5688275104397036,-32.84005608288439,-0.529384184326592
1198706400,95.833,97.942,95.242,96.421,0,NaN,27.572574598504843,-2.9662663714486612,-0.5346956287373023
1199052000,96.291,96.799,94.749,96.159,0,NaN,20.95670424958091,11.700824239299351,-0.47706819108967813
1199138400,96.159,99.828,96.068,99.288,0,NaN,24.77646288977813,14.683361033310433,-0.38309714616036367
1199311200,99.288,100.107,97.116,97.706,0,NaN,50.43924298682499,25.853361100175846,-0.3921164376671837
1199656800,97.776,98.413,94.483,96.202,0,NaN,-28.171014263433246,-24.538043725621215,-0.3489643269570183
1199829600,96.202,97.981,93.27,94.25,0,NaN,-59.91881438463804,-18.3568373219219,-0.29113743137546355
1200002400,94.25,94.66,92.319,94.307,0,NaN,-53.28313926212568,0.17007650151069953,-0.23489305593745283
1200348000,94.307,94.387,89.265,91.055,0,NaN,-75.20177689739515,-21.77191828194893,-0.22370489813697392
1200520800,91.055,92.194,89.558,90.35,0,NaN,-89.23545373914601,-46.714908607993465,-0.21369603394077802
1200866400,90.37,90.763,85.803,89.461,0,NaN,-100.00000000000001,-62.53312121121307,-0.25224038019547096
1201039200,89.461,90.118,87.02,89.756,0,NaN,-99.99999999999997,-69.52412839465646,-0.2588259150904684
1201212000,89.756,91.744,89.093,91.357,0,NaN,-89.0714098428603,-60.485264237840326,-0.28375555079706316
1201557600,91.357,93.018,90.635,92.092,0,NaN,-100,-69.07535140203251,-0.2844085372533656
1201730400,92.092,92.581,88.717,89.156,0,NaN,-100,-79.628155037574,-0.31453755460564553
1202076000,89.055,91.052,87.731,88.44,0,NaN,-85.15958921056547,-76.68531981492173,-0.39317383821289104
1202248800,88.44,89.134,86.414,88.534,0,NaN,-56.08992488245682,-68.35836571329051,-0.44618847594901967
1202421600,88.534,94.852,88.172,93.798,0,NaN,-25.52594033868045,-46.05824980345892,-0.48618101261122815
1202767200,93.798,94.268,92.011,93.359,0,NaN,-12.63605189728355,-28.76529391524401,-0.566267313538302
1202940000,93.359,96.748,93.348,95.783,0,NaN,-0.48219117754543817,-2.662695932108001,-0.4864693937399981
1203285600,95.762,100.077,95.349,99.795,0,NaN,17.131753108637398,31.54834584001331,-0.119261854025309
1203458400,99.795,101.081,97.076,97.706,0,NaN,9.141607076333042,17.189458168535893,0.0988517458534097
1203631200,97.706,99.887,97.365,99.45,0,NaN,10.118759143556009,16.769898448876425,0.2716574225395951
1203976800,99.45,102.253,98.633,99.805,0,NaN,6.271969779598454,18.899503501320382,0.5011018658397458
1204149600,99.805,103.212,99.071,101.883,0,NaN,55.07250298742575,56.79120183493902,0.703171915733923
1204495200,101.943,104.085,98.99,100.05,0,NaN,47.90010667117406,53.40405437947287,0.8156448827117606
1204668000,100.05,106.085,99.669,105.551,0,NaN,82.58761112122707,95.23583284690582,0.745934033153445
1204840800,105.551,108.293,104.014,108.242,0,NaN,72.44126188442405,82.52525222272232,0.6872173321039015
1205182800,108.242,110.267,106.685,110.106,0,NaN,69.1567391598818,92.76117942050871,0.6941170209596341
1205355600,110.106,111.041,108.819,110.25,0,NaN,66.39586792967008,84.17112589560146,0.7164754272943195
1205701200,110.2,111.83,103.255,109.162,0,NaN,45.732730118268265,53.69741869246401,0.6921510424775913
1205874000,109.162,109.363,99.935,102.818,0,NaN,39.70177251752411,24.64269316112415,0.6691566385581855
1206046800,102.818,103.584,101.084,101.678,0,NaN,18.196479300364594,3.065303159032389,0.6453282096835035
1206392400,101.678,107.482,100.223,107.207,0,NaN,52.74986329747885,21.137092974867976,0.6532982065434143
1206565200,107.207,109.322,105.737,106.034,0,NaN,26.402831901438404,5.189695846059728,0.6150259007876602
1206910800,105.973,107.707,100.377,101.625,0,NaN,12.771098592598921,-10.71075299642332,0.5582740265807364
1207083600,101.625,107.238,100.628,104.931,0,NaN,-9.250456683648606,-31.85028666666656,0.4515336207061333
1207256400,104.931,110.128,104.773,109.546,0,NaN,-10.774674314308996,-22.303197726094737,0.4255036141430605
1207602000,109.546,112.785,108.236,111.411,0,NaN,0.7750048287216345,-20.350866383153868,0.3244099075646212
1207774800,111.411,112.744,109.267,110.722,0,NaN,-11.689442799570806,-31.270365131961444,0.35440607863781515
1208120400,110.822,114.392,109.932,114.21,0,NaN,13.12516281346944,-11.790387292980132,0.5053587869452723
1208293200,114.21,115.786,112.461,115.144,0,NaN,30.6668671776318,34.48319942899006,0.632596417681801
1208466000,115.144,117.443,112.911,117.257,0,NaN,54.416816871406,56.46130480538365,0.6934466032084879
1208811600,117.257,119.393,116.344,118.443,0,NaN,26.44177899056372,35.11541984179726,0.7662007266293113
1208984400,118.443,119.921,114.618,119.196,0,NaN,50.98660233268376,33.44106245895637,0.757831620351577
1209330000,119.276,120.269,115.27,115.698,0,NaN,51.2463036543692,35.294978461960454,0.7632846168972764
1209502800,115.698,116.992,110.56,112.462,0,NaN,15.832231110691112,3.1166723933076526,0.753491546473369
1209675600,112.462,120.585,112.035,120.342,0,NaN,31.406316251234706,12.75585824012611,0.811257162778309
1210021200,120.342,124.099,119.541,124.028,0,NaN,44.82678599944791,21.792284841070185,0.8135547642131518
1210194000,124.028,126.441,121.763,126.281,0,NaN,63.26028326396127,31.92295355558153,0.7874558876863833
1210539600,126.17,127.093,123.217,126.049,0,NaN,36.14345073436341,14.176316575128297,0.7621030717770297
1210712400,126.049,126.723,120.827,124.557,0,NaN,30.362250921025662,1.5003228249436518,0.6739465427488469
1210885200,124.557,127.888,124.109,127.363,0,NaN,29.45524421785045,0.6316906735168075,0.5728291542832834
1211230800,127.363,134.39,126.567,134.3,0,NaN,60.26156341154258,30.33325909676641,0.5045670200850213
1211403600,134.3,135.377,130.343,131.966,0,NaN,30.059698505341096,25.204549862728143,0.48087023559829495
1211749200,131.966,133.887,128.403,128.662,0,NaN,36.962669114351776,36.14675707555057,0.36668374062978704
1211922000,128.662,133.334,126.172,126.681,0,NaN,48.54171668488124,40.05040533752717,0.05401020117783966
1212094800,126.681,129.52,124.864,127.756,0,NaN,16.13803376208758,3.0107454359559114,-0.019266251760023327
1212440400,127.756,128.14,121.983,122.351,0,NaN,-39.36948839251275,-43.84945022930386,-0.047925388956661236
1212613200,122.351,139.261,121.749,137.749,0,NaN,25.69083071116073,20.479533343899305,0.27615598351701176
1212958800,138.279,138.365,130.896,131.635,0,NaN,6.594783183174393,-8.536270247077379,0.28926418278295774
1213131600,131.635,138.391,131.444,136.889,0,NaN,50.69474752556911,21.975079174179903,0.2702738216188064
1213304400,136.889,139.934,132.88,133.719,0,NaN,29.69500616216353,-13.12133816536669,0.284808150685539
1213650000,133.719,136.901,131.841,136.32,0,NaN,8.255386827135204,-30.68014584205372,0.40881901962631667
1213822800,136.32,137.844,131.266,134.257,0,NaN,4.4619098861008055,-38.02887797285737,0.4193329104746038
1214168400,134.227,138.308,133.61,136.67,0,NaN,30.929866089137896,-12.150627460893727,0.40808709869807097
1214341200,136.67,139.98,131.548,139.243,0,NaN,52.43092668313423,18.490956376782236,0.4770988445817656
1214514000,139.243,143.309,138.207,139.745,0,NaN,46.45493668799351,22.60053536742428,0.6038568309632653
1214859600,139.745,143.996,139.607,143.977,0,NaN,100,73.19118675415292,0.6317155514019783
1215032400,143.977,145.532,142.91,143.879,0,NaN,19.805902017063076,-7.639226753573517,0.6705135298267197
1215378000,143.889,144.272,134.924,135.577,0,NaN,1.6261946346136504,-17.48836049198814,0.6435539698651841
1215550800,135.577,141.938,135.139,141.789,0,NaN,-8.650371287145227,-13.44800849479785,0.5908799651100445
1215723600,141.789,147.083,141.251,144.97,0,NaN,12.988004591296843,25.755828622361456,0.5828234077100095
1216069200,144.97,146.608,132.007,134.889,0,NaN,-45.881027971296284,-29.160758018805222,0.5968399250152892
1216242000,134.889,136.669,128.171,128.442,0,NaN,-60.595967370825456,-49.502451087272355,0.5237585851450464
1216587600,128.442,131.921,125.448,127.54,0,NaN,-75.51870104572785,-64.41587198588238,0.3830417058104098
1216760400,127.54,127.795,122.68,124.625,0,NaN,-89.96531113143989,-92.37362057380719,0.21226534864074922
1216933200,124.625,125.671,121.696,124.252,0,NaN,-92.45439284749226,-99.99999999999999,0.01624223318770235
1217278800,124.252,126.708,119.75,126.195,0,NaN,-87.99609626706115,-100.00000000000003,0.09282182867820775
1217451600,126.195,127.981,121.506,124.456,0,NaN,-89.83220146673834,-99.99999999999999,0.22728403635531821
1217797200,124.705,125.823,117.542,118.235,0,NaN,-78.55710471095992,-96.99501380858831,0.36865766801060346
1217970000,118.235,121.373,116.694,119.47,0,NaN,-87.2534056438315,-99.99999999999996,0.5312110220717964
1218142800,119.47,119.696,112.462,114.322,0,NaN,-99.39605550958895,-100,0.6571709558855473
1218488400,114.322,117.25,112.079,116.176,0,NaN,-46.4172541811848,-81.79461531759647,0.7107932964694555
1218661200,116.176,117.228,111.193,113.617,0,NaN,-25.668640636411695,-71.35988434525387,0.7420653474967814
1219006800,113.648,116.639,111.601,115.141,0,NaN,-16.12393932689715,-68.54302856258592,0.7712659208288405
1219179600,115.141,121.98,112.543,121.541,0,NaN,17.17329018143439,-33.836352212803604,0.7496128402957437
1219352400,121.541,121.801,113.631,115.311,0,NaN,-3.7149714492438495,-47.25857395710418,0.746411945710641
1219698000,115.311,119.582,112.313,118.073,0,NaN,-2.883320339302923,-49.27479695087888,0.7318518575015587
1219870800,118.073,120.454,114.036,115.358,0,NaN,-16.801349804642737,-50.37120459010757,0.7293130094735658
1220216400,117.031,117.211,105.427,110.257,0,NaN,-8.948219721387387,-49.26028657762522,0.7502492243911613
1220389200,110.257,110.569,106.491,107.771,0,NaN,-23.08562787446741,-63.141626317683546,0.797042817167035
1220562000,107.771,109.866,104.677,106.477,0,NaN,-12.751711305168765,-51.864535958602886,0.8740455730436052
1220907600,106.477,106.747,101.341,102.731,0,NaN,-41.59559808765707,-64.42236033535002,0.9094432742583501
1221080400,102.731,103.931,100.015,101.115,0,NaN,-52.53081451935973,-66.55252708708663,0.9048408112959236
1221426000,99.078,100.038,90.502,92.832,0,NaN,-86.5441246292445,-89.88971315362568,0.894549729193028
1221598800,92.832,102.233,91.353,98.134,0,NaN,-82.61113166124142,-86.7928861478537,0.9008217959469697
1221771600,98.134,110.89,97.456,109.452,0,NaN,-39.49926423204975,-27.3648020902772,0.8884398124287469
1222117200,109.452,110.004,104.451,105.9,0,NaN,-67.83309231642814,-39.61461350500733,0.8715768432975983
1222290000,105.9,109.059,103.592,107.255,0,NaN,-41.20396727182937,-27.028720345644693,0.8436999268895412
1222635600,107.326,107.326,93.635,102.213,0,NaN,-28.87450655733995,-29.0079318767883,0.8478998198711721
1222808400,102.213,103.128,93.804,94.104,0,NaN,-62.003104397352125,-59.14820015239811,0.8618870965792378
1222981200,94.104,96.27,87.741,89.333,0,NaN,-32.990128635259396,-73.75218157400312,0.9112322422618838
1223326800,89.333,93.202,86.209,88.697,0,NaN,-3.785173486969125,-65.1288085022181,0.8997729202412746
1223499600,88.697,89.973,77.207,80.301,0,NaN,-23.178531904550145,-90.90911715218394,0.9240026896705902
1223845200,79.96,84.916,78.386,79.066,0,NaN,-36.728230985752504,-76.91649647842907,0.9368846478793383
1224018000,79.066,79.245,68.619,72.179,0,NaN,-95.35309051054368,-99.99999999999997,0.8731420213529205
1224190800,72.179,75.838,69.653,75.422,0,NaN,-100,-100.00000000000001,0.8024432466826615
1224536400,75.422,75.701,65.873,66.77,0,NaN,-100.00000000000001,-99.99999999999996,0.6853023495578336
1224709200,66.77,69.172,62.36,64.484,0,NaN,-86.04591408389615,-100.00000000000003,0.6670036966825801
1225054800,64.305,65.501,61.045,64.517,0,NaN,-100.00000000000001,-95.50885441315461,0.615042226134247
1225227600,64.517,70.341,63.407,65.346,0,NaN,-99.99999999999999,-64.24717220230644,0.567811870184223
1225400400,65.346,68.983,62.901,63.816,0,NaN,-100.00000000000001,-57.63075523416421,0.5523608381524993
1225749600,63.816,71.573,62.076,64.915,0,NaN,-100,-47.637812017238176,0.5442628068254368
1225922400,64.915,65.339,59.829,60.985,0,NaN,-92.55115026935115,-43.179447551608035,0.513239041871962
1226268000,61.195,65.445,58.229,58.83,0,NaN,-59.24638450259479,-44.925188060520796,0.5114671768207543
1226440800,58.83,59.589,54.599,59.429,0,NaN,-35.65940421898693,-27.89357648312668,0.4739395434455885
1226613600,59.429,59.889,54.691,55.052,0,NaN,-63.8103417930588,-48.412045738506094,0.37699748322500826
1226959200,55.052,55.958,53.038,53.426,0,NaN,-45.28393714508252,-27.189623164067882,0.2478778686888665
1227132000,53.426,53.476,47.97,50.095,0,NaN,-69.61413662458558,-30.890713705165737,0.043548747466520245
1227477600,50.075,55.016,48.546,50.4,0,NaN,-76.47853728263324,-18.71383175443544,-0.15524713337293147
1227650400,50.4,54.708,49.907,53.704,0,NaN,-35.77756954758767,-12.22231756107849,-0.3757526056579212
1227823200,53.704,54.401,48.433,48.603,0,NaN,-57.04786318863856,-26.82698817237896,-0.38237850395151435
1228168800,48.603,50.063,46.097,46.807,0,NaN,-65.92849525969365,-43.998834072310245,-0.1999615974186233
1228341600,46.807,47.106,40.373,41.55,0,NaN,-94.82063758557759,-52.19485181259924,-0.057277443492041204
1228687200,41.61,44.583,41.436,42.299,0,NaN,-99.99999999999997,-42.15693362146361,0.15986116957619595
1228860000,42.299,49.02,41.796,47.255,0,NaN,-76.01020842495919,-11.984672473759133,0.060023035815474565
1229032800,47.255,49.983,43.238,44.723,0,NaN,-60.474718239816156,-4.350851759106192,-0.2333565027571467
1229378400,44.723,46.476,41.292,41.906,0,NaN,-99.99999999999999,-2.0559672203953454,-0.5832620370661175
1229551200,41.906,42.467,38.144,40.089,0,NaN,-100,18.00269910976316,-0.5777859627811024
1229896800,40.053,40.734,35.563,36.877,0,NaN,-100,-15.329910203959003,-0.6807272263824095
1230069600,36.877,37.375,33.135,33.57,0,NaN,-99.99999999999999,-47.07676938664584,-0.8109449726689668
1230242400,33.57,40.202,33.57,38.091,0,NaN,-54.113097490544604,-0.3300571858810102,-0.8258844968713331
1230588000,38.091,43.609,35.349,40.717,0,NaN,-34.193191440284224,27.713230404909584,-0.7934793537994793
1230760800,40.717,44.94,39.445,44.731,0,NaN,33.08481723452792,86.68538266535487,-0.7386694833161273
1231106400,44.751,48.926,44.077,47.049,0,NaN,45.92909314940009,92.85092654541558,-0.6322085421194915
1231279200,47.049,47.692,39.495,41.259,0,NaN,-20.082268770767932,21.26366603346318,-0.6388321437107622
1231452000,41.259,41.644,36.831,37.026,0,NaN,-26.738659310183095,0.3618444207567322,-0.57148562772093
1231797600,37.026,38.898,35.045,36.84,0,NaN,17.83055256644593,4.096092808133072,-0.4786121830478467
1231970400,36.84,38.163,34.529,35.925,0,NaN,11.69732157041409,-4.189366090269928,-0.42717222908783775
1232316000,35.876,37.821,33.736,35.36,0,NaN,32.63867857535965,22.87384799316836,-0.27169198024067526
1232488800,35.36,39.278,34.862,37.753,0,NaN,92.85759264176188,64.00472478341601,-0.07678603530293877
1232661600,37.753,43.166,36.255,40.664,0,NaN,78.35904948941042,48.76771984582133,0.1619459985948401
1233007200,40.664,42.329,36.404,37.815,0,NaN,34.973830430359776,11.724018014049335,0.35308939590792165
1233180000,37.815,39.306,36.187,37.781,0,NaN,13.66370565255339,-10.731957971083418,0.3682167194874975
1233525600,37.837,38.659,36.549,37.739,0,NaN,16.333198402372332,-22.746620726975543,0.3838949250693134
1233698400,37.739,38.831,36.73,38.197,0,NaN,44.56519312179071,14.783494451919896,0.4209927914756252
1233871200,38.197,40.242,36.093,37.761,0,NaN,48.56652735892626,39.70441713908378,0.4643018336984411
1234216800,37.761,39.826,34.159,34.483,0,NaN,23.268409623712426,25.618131339126577,0.46902346289786906
1234389600,34.483,36.988,32.299,36.869,0,NaN,58.677083963481735,48.80173908077374,0.47925390226167525
1234735200,36.783,38.643,34.542,34.551,0,NaN,46.05500885128909,33.77643950249866,0.5190632688044711
1234908000,34.551,36.811,33.9,36.283,0,NaN,32.36611598698465,28.641548463638596,0.5996355284364558
1235080800,36.283,38.371,34.398,35.234,0,NaN,1.1005970369820588,4.178467098794272,0.6279068969617748
1235426400,35.234,39.888,34.878,39.449,0,NaN,61.41701787253611,50.86104080270405,0.6062710953325354
1235599200,39.449,42.314,39.38,41.427,0,NaN,76.79134937530122,63.158669808671746,0.46750967650547
1235944800,41.354,41.963,37.325,39.475,0,NaN,47.894567437630734,49.188763945489306,0.13804282587517314
1236117600,39.475,43.543,38.958,41.658,0,NaN,73.72095292022587,59.916628526391875,0.03999054861345655
1236290400,41.658,47.156,41.492,45.525,0,NaN,100,96.67717123326511,0.14767800078872523
1236632400,45.525,46.808,40.911,41.664,0,NaN,82.36151852625528,91.62024019407289,0.2715443465923106
1236805200,41.664,47.056,41.412,44.809,0,NaN,80.20824251249262,100,0.497927880552034
1237150800,44.752,49.342,43.012,48.348,0,NaN,100,100,0.6624125982884786
1237323600,48.348,52.114,46.909,50.784,0,NaN,93.5989907417674,100,0.763768458950762
1237496400,50.784,53.275,50.19,53.053,0,NaN,100,100,0.8407557896505464
1237842000,53.053,53.455,51.164,52.099,0,NaN,60.89543154825888,65.37163757881653,0.8677517273916425
1238014800,52.099,53.953,50.999,51.43,0,NaN,41.100913592154086,51.27792873438043,0.9224119631547522
1238360400,51.756,51.756,47.27,48.325,0,NaN,35.39777036084316,46.80518378386435,0.9057158799692517
1238533200,48.325,52.372,46.791,51.989,0,NaN,31.03024346885007,51.39974305097256,0.9029502346389722
1238706000,51.989,53.409,49.438,50.881,0,NaN,-0.3310304429986229,29.184566100161096,0.9034464847887831
1239051600,50.881,51.448,47.056,49.789,0,NaN,26.01598909913232,42.43877560192862,0.9014675890659664
1239224400,49.789,52.137,49.407,51.881,0,NaN,19.343905557866233,31.56857824542565,0.9003882373771216
1239570000,51.881,51.92,48.641,49.03,0,NaN,-21.627007331798033,2.490315225653667,0.8805148533033004
1239742800,49.03,50.628,48.752,49.707,0,NaN,-17.823018811748927,-6.939061281892396,0.8695611958148411
1239915600,49.707,51.081,46.469,46.566,0,NaN,-35.244969025510144,-29.36577132833994,0.8308476218623371
1240261200,46.566,47.561,45.071,47.037,0,NaN,-29.20824902235257,-27.73616420704137,0.776563491376416
1240434000,47.037,50.112,46.758,49.923,0,NaN,-14.525102316740586,-12.99605142752806,0.741339646783378
1240779600,49.875,49.875,46.657,48.008,0,NaN,-7.059355186750313,-1.4486007892990982,0.6864832842594307
1240952400,48.008,50.647,47.825,49.56,0,NaN,-15.92994015495054,-10.948243681005984,0.5992609578234114
1241125200,49.56,53.576,49.24,53.451,0,NaN,5.483703795563193,5.88713483652692,0.531182037157205
1241470800,53.451,55.496,52.509,55.332,0,NaN,15.316985131001907,21.524237664038044,0.3667992414788782
1241643600,55.332,57.892,54.575,57.892,0,NaN,12.583219894702994,23.860684637478666,0.28324678639544265
1241989200,57.784,59.468,56.131,58.82,0,NaN,37.46810802836096,42.76577163770499,0.37565684231973157
1242162000,58.82,59.358,56.106,58.17,0,NaN,30.14005612567135,35.142684682980764,0.5035915059888114
1242334800,58.17,59.153,55.72,58.879,0,NaN,53.68164138041906,54.52503716674971,0.6244775016816324
1242680400,58.879,61.509,58.194,61.007,0,NaN,48.113038071199206,62.92018839967152,0.6828709505347642
1242853200,61.007,61.271,59.215,60.853,0,NaN,31.316365760243713,50.75555234276189,0.6447084357617701
1243198800,60.853,61.881,58.932,61.854,0,NaN,44.21873703456581,63.25138912271811,0.5862272805025068
1243371600,61.854,64.84,61.582,64.258,0,NaN,52.31645641868647,64.91627609407425,0.5077832631642484
1243544400,64.258,68.15,64.091,67.478,0,NaN,36.30485314547543,59.44036192533909,0.584465959163462
1243890000,67.478,68.542,64.496,65.641,0,NaN,26.938698114527604,45.63172653972538,0.6428954512770894
1244062800,65.641,69.874,65.465,68.014,0,NaN,28.10504425480647,40.768291269824054,0.6937999228007031
1244408400,67.955,70.314,66.425,70.214,0,NaN,33.32148908429682,38.109374880268575,0.7282866992393868
1244581200,70.214,72.931,70.097,72.208,0,NaN,35.924067710209506,48.07477584362833,0.7680923909596595
1244754000,72.208,72.341,69.396,70.279,0,NaN,34.044428248185206,39.307130802387455,0.7640425479205316
1245099600,70.279,72.601,68.866,70.74,0,NaN,34.38495130504962,32.33904496588989,0.7979265652699316
1245272400,70.74,72.302,68.883,69.549,0,NaN,26.165118331638567,25.502345844768392,0.7917506786577452
1245618000,69.381,69.659,65.927,68.372,0,NaN,23.408008062005084,15.445518685052377,0.7407121225500792
1245790800,68.372,70.499,67.62,69.915,0,NaN,17.487280727857453,13.565427796776742,0.685105146152667
1245963600,69.915,71.55,67.998,71.234,0,NaN,15.549183073824482,6.616773831249747,0.6537781863275227
1246309200,71.234,73.008,68.199,68.988,0,NaN,9.341878023389793,2.7756924644492704,0.6121692134438065
1246482000,68.988,69.417,65.124,65.353,0,NaN,-12.419027977099242,-12.924621611158605,0.5540011280507208
1246827600,65.353,65.406,62.037,62.137,0,NaN,-23.73196474138151,-23.880199094288574,0.4693941002865655
1247000400,62.137,62.484,59.081,60.301,0,NaN,-24.263659677806963,-35.062101515855275,0.3928369485716573
1247173200,60.301,60.721,58.207,59.868,0,NaN,-31.629275859745984,-30.489394504153758,0.3539988745943172
1247518800,59.868,61.912,59.052,61.664,0,NaN,-29.24718344048944,-25.968888472310006,0.32799078320076414
1247691600,61.664,63.928,60.215,63.471,0,NaN,-21.220462640395915,-16.44076015059641,0.2667792353603953
1248037200,63.361,65.746,63.253,64.069,0,NaN,-21.643831131183934,-11.422029099799468,0.19150921622902511
1248210000,64.069,66.612,62.896,65.847,0,NaN,-19.111272300484842,-10.043164606239866,0.15237082833008528
1248382800,65.847,68.205,65.606,67.364,0,NaN,-16.01482071166165,-10.600178271949867,0.15809422142641752
1248728400,67.364,68.11,62.059,62.24,0,NaN,-29.26323895659362,-17.907867107357326,0.19480345247208164
1248901200,62.24,69.091,62.122,68.708,0,NaN,6.622522816320508,7.7184105391053155,0.21369213951667437
1249246800,68.857,71.626,68.516,71.228,0,NaN,20.46255542362951,20.418648129258983,0.2896064890889406
1249419600,71.228,71.931,69.216,71.383,0,NaN,22.639467421993665,28.590666560791014,0.3027771291958359
1249592400,71.383,72.389,69.754,70.352,0,NaN,23.464714638218283,21.98332494281255,0.3391664891393497
1249938000,70.352,70.94,68.415,70.128,0,NaN,20.048583679628297,10.575117100514838,0.3802812008774658
1250110800,70.128,71.963,66.93,67.272,0,NaN,3.647000333519035,-8.221209569206197,0.37129021677219803
1250456400,67.282,69.864,65.131,69.816,0,NaN,19.233451562153263,-1.5399510100531657,0.3664552063617548
1250629200,69.816,72.249,67.831,70.943,0,NaN,15.184701434689128,-5.745568354489222,0.30077161120134754
1250802000,70.943,73.024,70.113,72.232,0,NaN,11.933481661248923,-5.672699859348757,0.17271019930556875
1251147600,72.232,73.232,69.097,69.838,0,NaN,26.51286048719744,5.616467241579148,0.14208032126234724
1251320400,69.838,72.002,68.333,71.305,0,NaN,4.9340346195815945,-12.033635667761695,0.26984178528257624
1251666000,71.374,71.985,66.827,67.206,0,NaN,-14.707329526623822,-36.60585708218317,0.42251580157556273
1251838800,67.206,68.299,65.939,67.012,0,NaN,-13.3573531425661,-40.59520139675831,0.45692326944211326
1252011600,67.012,68.04,66.113,67.155,0,NaN,-15.6368198120889,-35.191024578892524,0.43030646751442325
1252357200,67.155,71.734,67.078,70.965,0,NaN,-6.510707830901107,-15.175958265572389,0.41394346275075483
1252530000,70.965,72.223,68.191,68.664,0,NaN,-0.4343837258764285,-14.149934944662393,0.31956734870027975
1252875600,68.496,70.773,67.537,70.004,0,NaN,-9.909393709410756,-17.70484222474327,0.3180949117689068
1253048400,70.004,72.841,69.744,72.092,0,NaN,-7.359756858736945,-13.061055285142356,0.2797243928884773
1253221200,72.092,72.401,68.934,69.384,0,NaN,-16.366456988485783,-28.14968161385176,0.20930195917011224
1253566800,69.384,71.693,67.734,67.963,0,NaN,-16.40543152981385,-24.637430097405105,-0.28386271944645
1253739600,67.963,68.466,64.775,65.765,0,NaN,-24.779819404849594,-37.659216926039115,-0.513079116092503
1254085200,65.745,67.29,65.165,66.267,0,NaN,-10.185003167309187,-24.137390097817494,-0.561684903795426
1254258000,66.267,71.16,65.996,70.028,0,NaN,-16.96849764477865,-19.90675455911732,-0.458045019739443
1254430800,70.028,70.771,67.877,70.154,0,NaN,-25.043789762171752,-22.092486076384173,-0.3967719080843475
1254776400,70.154,71.799,68.729,69.659,0,NaN,-49.98398243857035,-39.87959380886066,-0.34123891020599173
1254949200,69.659,72.403,69.028,72.157,0,NaN,-33.904511850404695,-22.438648315228427,-0.2921877171785447
1255294800,72.157,74.463,71.944,74.333,0,NaN,-31.3681255898828,-20.55217926637442,-0.1734139268692189
1255467600,74.333,77.903,74.263,77.725,0,NaN,-28.174807140535023,-15.941732312559587,0.13695278226700308
1255640400,77.725,79.606,76.765,79.538,0,NaN,-22.87649395579835,2.139952804572971,0.4407229556179236
1255986000,79.538,81.564,77.233,80.511,0,NaN,-5.075072067114348,11.100004843114952,0.6341732833506508
1256158800,80.511,81.374,79.165,79.215,0,NaN,2.1003861925060434,20.418925645080563,0.7400841887038568
1256504400,79.255,81.224,77.483,79.2,0,NaN,2.9482560576817463,15.26020944035487,0.773884799760748
1256677200,79.2,80.151,76.725,79.686,0,NaN,-18.371362292421342,-2.0640471732103123,0.7907635439975766
1256850000,79.686,79.906,76.31,77.758,0,NaN,-18.750178576744002,-8.096061531778645,0.7849056974870581
1257199200,77.758,80.832,76.321,80.008,0,NaN,-5.630085835997804,-0.2553585098730764,0.8022144361760074
1257372000,80.008,80.307,76.522,77.442,0,NaN,-27.59960296392114,-18.759280456397708,0.7677939112707989
1257717600,77.462,80.367,77.462,78.704,0,NaN,-37.79690859299711,-31.395686462666607,0.7737346233212751
1257890400,78.704,79.972,76.413,76.644,0,NaN,-54.550618309759706,-54.665678981714386,0.7842054521767335
1258063200,76.644,79.373,75.475,78.855,0,NaN,-55.53261431730589,-53.62973151454892,0.7759691673353966
1258408800,78.855,80.298,78.094,79.672,0,NaN,-50.70918831654947,-54.40122640933859,0.7582432297581749
1258581600,79.672,79.993,76.386,77.365,0,NaN,-54.10387645217623,-59.55876629700963,0.7598991061641314
1258927200,77.316,79.567,75.278,75.5,0,NaN,-66.51118964939988,-61.79497059329149,0.7422853467341956
1259100000,75.5,77.772,75.19,75.929,0,NaN,-66.31149984171233,-57.553499291063325,0.7018801579658359
1259272800,75.929,77.74,72.111,77.113,0,NaN,-53.500619168275264,-46.98121807642583,0.6254248107511754
1259618400,77.113,78.788,75.988,76.249,0,NaN,-69.97485585332348,-59.913406740325755,0.5272435190002479
1259791200,76.249,77.685,74.645,75.494,0,NaN,-62.070082133121396,-55.30172142107564,0.3266700807491384
1260136800,75.495,75.917,72.277,72.966,0,NaN,-67.4704104454068,-76.21364823893592,0.17193153201973968
1260309600,72.966,73.72,69.682,70.462,0,NaN,-71.03136199819355,-79.40013116991753,0.3140146769943108
1260482400,70.462,71.078,68.803,69.506,0,NaN,-77.23142013909563,-88.49824759411824,0.4544006310972886
1260828000,69.506,73.482,69.231,72.794,0,NaN,-68.07374657438474,-80.31195161285237,0.5757326633951902
1261000800,72.794,74.023,71.301,72.776,0,NaN,-55.92940152206592,-75.42464336730309,0.617715234224024
1261346400,72.835,73.766,71.345,73.045,0,NaN,-41.62946442046122,-71.74568067649372,0.5606434843676659
1261519200,73.045,76.876,72.869,76.386,0,NaN,-27.82962856992008,-65.6817175042581,0.42290859553783755
1261692000,76.386,77.926,76.386,77.4,0,NaN,-10.493963510541947,-52.61919060499409,0.2906274392742156
1262037600,77.4,78.708,76.897,78.319,0,NaN,16.335976930529057,-40.1051854375999,0.2273208513163118
1262210400,78.319,78.957,78.113,78.627,0,NaN,22.65651315420513,-35.7244425826406,0.1366068391242982
1262296800,78.627,80.94,78.568,80.851,0,NaN,49.903285470534854,-3.8194294311030674,0.038926891501039645
1262642400,80.851,82.754,80.101,82.423,0,NaN,72.14480153506615,23.09185648243858,-0.02587134842476186
1262815200,82.423,82.81,81.145,82.204,0,NaN,72.49118242506766,25.210589350594717,-0.10720534364377138
1263160800,82.293,83.437,79.493,79.653,0,NaN,14.601904151106922,-2.6470951483880896,-0.19062769144739058
1263333600,79.653,80.295,77.999,78.89,0,NaN,1.3972624741832718,-2.4559377963567215,-0.2300195338397262
1263506400,78.89,79.002,77.143,78.325,0,NaN,-8.220894335577507,-5.23985770210383,-0.2273018358783143
1263852000,78.325,79.22,76.815,77.353,0,NaN,-32.0804287930523,-26.00647761654851,-0.2251552631777937
1264024800,77.353,78.126,73.838,73.878,0,NaN,-62.21112189230823,-55.2940838553113,-0.24438272239246892
1264370400,73.878,75.224,73.633,74.493,0,NaN,-58.66521147232534,-56.321439904269276,-0.2662775153753765
1264543200,74.493,74.907,72.474,73.699,0,NaN,-60.30009390268261,-62.383702423826534,-0.27348975402171016
1264716000,73.699,74.814,72.268,74.784,0,NaN,-64.8739285338719,-69.302560186091,-0.22894301703984316
1265061600,74.784,77.899,74.258,76.845,0,NaN,-47.59861067610943,-69.35513521251903,-0.13167916538262697
1265234400,76.845,77.035,69.389,71.687,0,NaN,-65.78226965844195,-91.61712815021654,0.24114128096602738
1265580000,71.777,74.059,70.686,73.751,0,NaN,-35.50685528673017,-80.90485707634315,0.3575060522379521
1265752800,73.751,75.612,72.518,75.253,0,NaN,-33.79727830623999,-68.11988649406626,0.42213855218466484
1265925600,75.253,75.313,72.591,73.911,0,NaN,-40.241452497879365,-70.24181176312482,0.39027212204069006
1266271200,73.911,77.78,73.911,77.244,0,NaN,-23.594483025246316,-47.72326184783421,0.4043645433459274
1266444000,77.244,79.835,76.298,79.825,0,NaN,19.79559042687515,-18.215533881886866,0.3857644768376791
1266789600,79.875,80.248,77.839,78.708,0,NaN,6.136780683620838,-24.63121262747837,0.374411638469589
1266962400,78.708,80.076,76.703,77.93,0,NaN,9.046435711599734,-25.20664769839263,0.36835034710810827
1267135200,77.93,80.31,77.518,78.544,0,NaN,-1.0582381015493638,-23.21065344340157,0.3131003196079812
1267480800,78.544,80.951,77.973,80.655,0,NaN,2.042670052687063,-18.0961072930021,0.18417164276786124
1267653600,80.655,81.816,79.45,81.502,0,NaN,47.50360858682055,33.89305601633013,-0.014885903641582154
1267999200,81.542,82.196,79.968,81.191,0,NaN,26.12196929718558,24.239404166715758,-0.1415822690142009
1268172000,81.191,82.848,80.634,82.178,0,NaN,28.129160404950007,16.745900684924038,-0.23766057388658002
1268344800,82.178,83.007,79.028,79.79,0,NaN,26.20556118611598,15.279522484856777,-0.31091874966827504
1268686800,79.79,83.014,79.227,82.686,0,NaN,26.224109346593416,20.201685067216772,-0.3823878534938509
1268859600,82.686,82.826,79.884,80.683,0,NaN,-15.228565709870606,-3.937056258249971,-0.3480950460078097
1269205200,80.693,81.969,78.63,81.393,0,NaN,2.3554273019873104,1.3068428514910302,-0.2949639235401653
1269378000,81.393,81.453,79.664,80.023,0,NaN,-3.0164333813776008,-7.620500719943278,-0.14479692409395897
1269550800,80.023,82.597,79.341,82.32,0,NaN,19.84242447016088,1.0038102283793435,0.0218514095711796
1269896400,82.32,83.682,81.597,83.074,0,NaN,0.46993146415754694,-5.81413207718545,-0.02730365357459395
1270069200,83.074,85.209,83.046,85.089,0,NaN,6.829133816643203,5.85506264035434,-0.33619997615400765
1270414800,85.089,86.966,84.928,86.649,0,NaN,27.586140031141177,16.75190705773093,-0.4270608720137993
1270587600,86.649,86.881,84.277,85.508,0,NaN,9.36716287065418,-0.4649246157550575,-0.5012330076130925
1270760400,85.508,86.271,84.01,84.283,0,NaN,10.5008086314185,2.6578307877408847,-0.7161010830716927
1271106000,84.283,86.337,82.45,85.919,0,NaN,3.4634891412703652,-6.2523814508589854,-0.6266712081372477
1271278800,85.919,86.222,82.714,83.284,0,NaN,-5.807034790612359,-4.267867243511223,-0.6181640398902593
1271624400,83.225,83.454,80.975,82.979,0,NaN,-8.84743234266999,-12.45271967949821,-0.5623879045108883
1271797200,82.979,83.596,80.765,82.772,0,NaN,-9.585278764763686,1.7749047459674898,-0.4093394163592165
1271970000,82.772,84.752,81.976,83.03,0,NaN,-31.03373932396188,-16.392901704414847,-0.28260120607561023
1272315600,83.03,83.511,80.526,82.555,0,NaN,-20.82886965137167,-25.116365581678526,-0.2505518070212876
1272488400,82.555,85.773,82.263,85.47,0,NaN,-21.96317498288029,-29.925802696158556,-0.037119776782628344
1272834000,85.5,86.524,81.56,81.59,0,NaN,-74.00385269382443,-60.079136416270174,0.05586170147547311
1273006800,81.59,82.293,74.15,76.42,0,NaN,-86.04447778401965,-90.98464935296693,0.09370330877051239
1273179600,76.42,78.164,74.096,76.966,0,NaN,-55.61621697840549,-90.05011501691844,0.3294628475720129
1273525200,76.966,77.379,74.495,75.227,0,NaN,-94.19581297478541,-100,0.5855775842839522
1273698000,75.227,76.221,70.658,71.749,0,NaN,-99.78993513267935,-100.00000000000001,0.6913219525269305
1274043600,71.869,72.148,68.973,69.374,0,NaN,-100.00000000000001,-100.00000000000001,0.813012272967869
1274216400,69.374,70.174,65.965,66.832,0,NaN,-92.39387777195962,-100.00000000000001,0.8585621044823237
1274389200,66.832,68.33,66.182,67.428,0,NaN,-78.36955781287563,-87.46867379839209,0.8892603706991963
1274734800,67.428,69.234,64.738,68.375,0,NaN,-68.4506508390344,-84.57769742400087,0.9017875044888827
1274907600,68.375,73.267,68.255,71.734,0,NaN,-74.77231668097083,-79.9388606808002,0.9088341264978682
1275253200,71.734,73.29,69.683,70.094,0,NaN,-53.797509014665714,-71.47563156721131,0.9149732768470524
1275426000,70.094,73.105,69.808,72.822,0,NaN,-7.300830500973513,-27.83352821269105,0.9040301238696878
1275598800,72.822,73.64,68.102,69.815,0,NaN,-28.95691295352538,-45.25901210213192,0.8902699201675505
1275944400,69.815,73.69,69.399,72.798,0,NaN,10.12615946382429,-25.2611986099024,0.8640717721945741
1276117200,72.798,75.099,72.21,73.232,0,NaN,37.87019175843629,5.270968263570416,0.8463270256089052
1276462800,73.154,76.454,73.154,76.307,0,NaN,62.195300421990055,46.41293144827774,0.8214070496147502
1276635600,76.307,77.514,75.438,76.136,0,NaN,62.12661703283584,69.1907872598122,0.8026100711923423
1276808400,76.136,78.77,75.617,77.048,0,NaN,41.82344418430817,64.96122405295151,0.7798591892758554
1277154000,77.048,77.788,74.146,74.857,0,NaN,5.157506302658341,46.75810736206767,0.7464486766958687
1277326800,74.857,78.19,74.333,78.181,0,NaN,26.208388320630597,50.72777881118493,0.6689424845962485
1277672400,78.201,78.475,74.415,74.895,0,NaN,22.25305979596451,39.54340088111282,0.5889910168679369
1277845200,74.895,76.044,71.356,71.999,0,NaN,-20.790156578936404,7.10321242951199,0.5563359485317287
1278018000,71.999,72.69,70.796,71.205,0,NaN,-23.38727271598544,33.485900966935986,0.4903815961206655
1278363600,71.205,74.432,70.562,74.392,0,NaN,-18.155885614370142,34.98963246113526,0.4756475125338536
1278536400,74.392,76.049,73.924,76.018,0,NaN,-17.075954291658526,38.88693190299738,0.5916221184289813
1278882000,76.029,77.089,73.968,76.849,0,NaN,-25.866859799153197,22.87916070001486,0.6881819019430268
1279054800,76.849,77.906,75.13,76.687,0,NaN,-29.247075543063765,22.41184388120177,0.6911914202081618
1279227600,76.687,77.828,75.093,76.535,0,NaN,-22.032994225676347,20.158450015099245,0.7077718191325212
1279573200,76.535,78.313,75.743,76.183,0,NaN,-16.68766605382126,32.03262512529694,0.7161449560655243
1279746000,76.183,79.355,75.917,78.782,0,NaN,-31.937094064952582,22.16972542412512,0.7721184568507747
1280091600,78.652,79.481,76.59,76.95,0,NaN,-44.734412970151034,34.136400259254025,0.7546444417532517
1280264400,76.95,78.701,75.71,78.074,0,NaN,-6.144205536852665,66.78002421128723,0.7615076354798745
1280437200,78.074,81.61,76.653,81.262,0,NaN,23.765399522361754,100,0.7256304988362083
1280782800,81.262,82.825,80.957,82.368,0,NaN,-0.8631685484898988,88.35323698194755,0.7305920437841363
1280955600,82.368,82.54,79.918,80.788,0,NaN,-10.786569454494785,65.36509586770931,0.7451800381810725
1281301200,80.758,81.659,79.112,80.153,0,NaN,-26.224050920135763,59.694517680100695,0.7975466005271847
1281474000,80.153,80.354,75.454,75.794,0,NaN,-43.78936436689673,31.29474120003743,0.7696002671515907
1281646800,75.794,76.677,74.825,75.068,0,NaN,-53.52519110140114,12.0962817714681,0.7346912569804184
1281992400,75.068,76.603,73.893,75.359,0,NaN,-49.26058563031804,16.18488817864273,0.713137974515226
1282165200,75.359,76.171,73.163,73.693,0,NaN,-66.21962392156422,-1.6797588243004284,0.6752624063359108
1282510800,73.643,74.225,71.086,71.256,0,NaN,-67.79430105240925,-15.526095063355932,0.5445493532963266
1282683600,71.256,73.753,70.534,72.848,0,NaN,-61.62270078252724,-14.369641655958404,0.38698114253054683
1282856400,72.848,75.377,71.827,73.849,0,NaN,-82.83267255603923,-27.253991308278252,0.12256439214183876
1283202000,73.849,74.544,71.353,73.827,0,NaN,-74.87915050068493,-38.1391255473038,-0.0728565706582257
1283374800,73.827,75.278,72.944,74.183,0,NaN,-76.7562084905302,-24.895503773930784,-0.16624502570927646
1283720400,74.183,74.506,72.509,73.689,0,NaN,-75.44236049932557,-24.34104549467672,-0.23854456574656704
1283893200,73.689,75.851,73.254,73.926,0,NaN,-60.54299771930937,0.04578675278202127,-0.2896192643969044
1284066000,73.926,77.964,73.896,77.088,0,NaN,-28.331944388881375,33.00834917219384,-0.2507336103422713
1284411600,77.088,77.924,74.605,75.677,0,NaN,-36.612245537473775,31.054165549668188,-0.26708819335385325
1284584400,75.677,75.937,72.944,73.579,0,NaN,-51.912358363652345,25.886299413098577,-0.27809184098657413
1284930000,73.629,75.676,73.514,73.788,0,NaN,-36.884569645425785,46.62812081268078,-0.3059439562141523
1285102800,73.788,74.985,72.631,73.966,0,NaN,-59.16720024642575,46.158790413049296,-0.30335080481053295
1285275600,73.966,76.321,73.712,75.393,0,NaN,-50.03123442960545,49.93512153533376,-0.20710737589584308
1285621200,75.393,77.351,74.728,76.989,0,NaN,-49.42605485721393,63.11681482619529,0.03637506141078094
1285794000,76.989,81.006,76.795,80.977,0,NaN,2.6984139780162195,83.43141450598858,0.328544714102178
1286139600,80.997,82.396,80.14,81.964,0,NaN,18.737047736204175,91.6514693542028,0.5439543453473078
1286312400,81.964,83.897,80.496,80.939,0,NaN,8.974223597244624,92.54813032203378,0.6491974026273308
1286485200,80.939,83.119,79.827,81.551,0,NaN,-20.31987453282242,76.74332569192957,0.7040993749613732
1286830800,81.551,83.163,80.554,82.974,0,NaN,5.184937943085622,85.51583235756895,0.7695394957350856
1287003600,82.974,83.859,80.553,81.187,0,NaN,38.21600836485054,93.5105625093259,0.7919273053499607
1287349200,81.287,83.233,79.238,79.278,0,NaN,45.65776356276621,79.29620268348462,0.7673173064796187
1287522000,79.278,82.036,79.179,80.09,0,NaN,43.54332184766073,73.68515093743972,0.7592213728980832
1287694800,80.09,82.705,79.792,81.817,0,NaN,43.1432647606145,70.66657733607794,0.769871890508519
1288040400,81.817,82.329,80.004,81.46,0,NaN,46.23921102262955,54.91905104786239,0.761077455126012
1288213200,81.46,82.129,80.084,80.923,0,NaN,-11.56602271632474,28.994588108811442,0.751672018427987
1288558800,80.973,84.057,80.884,84.037,0,NaN,-7.350145657275753,39.256327531113186,0.739356421512752
1288731600,84.037,86.447,83.177,86.348,0,NaN,23.49250460114134,56.69196022573579,0.7473669155733766
1288904400,86.348,87.172,85.598,86.444,0,NaN,22.872333801475172,52.85972581111098,0.806134258284199
1289253600,86.444,87.951,85.208,87.782,0,NaN,33.291306508834715,46.9198587601135,0.8023018926363972
1289426400,87.782,88.382,84.31,84.583,0,NaN,34.19484517034267,30.837552404196146,0.7342600010845435
1289772000,84.523,85.615,81.909,82.279,0,NaN,21.87205222219724,28.99229163261149,0.6671523912881815
1289944800,82.279,82.609,80.118,82.301,0,NaN,9.199093035233094,22.459280583120762,0.5513142410162903
1290117600,82.301,82.796,80.224,81.132,0,NaN,-6.6193984330234334,11.375996867796333,0.4332903878270277
1290463200,81.132,83.809,79.839,83.72,0,NaN,9.488033488524906,22.249657016799798,0.4127397225535385
1290636000,83.72,84.101,82.373,83.462,0,NaN,21.26281379563717,21.492860376414264,0.3074482518880528
1290981600,83.462,85.535,83.21,83.35,0,NaN,20.11575996358879,-0.4181531133539558,0.2390914400196897
1291154400,83.35,87.804,83.22,87.696,0,NaN,49.169440240186304,0.3736231378557946,-0.027275858695648848
1291327200,87.696,89.489,86.831,88.652,0,NaN,37.424062429288554,10.55376765443791,-0.08448404136774926
1291672800,88.652,90.508,87.106,88.237,0,NaN,17.724926122875278,11.103920948619962,-0.16379760468862462
1291845600,88.237,89.202,86.911,87.533,0,NaN,28.01496352284141,26.665687079475163,-0.19030798320490389
1292191200,87.633,89.345,87.289,88.17,0,NaN,49.07231623159012,44.62272970075509,-0.14896207324370522
1292364000,88.17,88.982,86.723,87.785,0,NaN,67.52323350109418,49.6977109001542,-0.14465822606486492
1292536800,87.785,88.841,86.921,88.467,0,NaN,81.67846217619882,53.2593416061133,-0.01697362856894116
1292882400,88.467,90.105,88.353,89.922,0,NaN,56.489380786189166,49.30901217318068,0.07402514626643089
1293055200,89.922,90.954,89.655,90.74,0,NaN,59.61791260450965,54.68032930598491,0.19163883341761678
1293400800,90.74,91.289,89.935,90.68,0,NaN,39.50804385467039,60.900735642850016,0.2761911880288832
1293573600,90.68,90.988,88.525,88.948,0,NaN,-24.61615446989328,35.43212610632225,0.3371855137879585
1293746400,88.948,91.575,88.576,90.92,0,NaN,-0.6874065999710366,35.60849984758017,0.43944552654507996
1294005600,90.92,92.161,87.985,88.786,0,NaN,-6.288170360459164,27.084494462444333,0.437550112175743
1294178400,88.786,90.479,87.522,87.796,0,NaN,-1.8831055837753832,25.66977997606557,0.4106642549198379
1294351200,87.796,89.722,86.949,89.145,0,NaN,5.69479415142676,22.113914191252334,0.3766434720391498
1294696800,89.145,92.19,88.708,91.677,0,NaN,23.137429949806517,32.607311444274885,0.3430428421909998
1294869600,91.677,92.195,89.948,91.525,0,NaN,24.743104092133997,36.8270353478216,0.3752882789113618
1295215200,91.525,91.933,90.522,91.273,0,NaN,14.551139746145104,36.2006942420579,0.31789762750230266
1295388000,91.273,92.092,88.042,88.533,0,NaN,-20.41243290696154,21.877315545105752,0.24556007067080743
1295560800,88.533,89.368,86.53,86.971,0,NaN,-22.306431091707086,14.804061971863327,0.14534564381060194
1295906400,86.971,87.122,85.348,86.932,0,NaN,-3.992151326671034,21.102760964156158,0.10257417372560937
1296079200,86.932,89.073,84.471,88.8,0,NaN,1.1960892611002087,22.366166184803305,0.10158580038779673
1296424800,88.84,92.243,87.826,89.858,0,NaN,12.664033196311957,34.04326833303904,0.08598607138322857
1296597600,89.858,91.529,89.495,90.129,0,NaN,6.307804651716031,46.21272355444368,0.07831344157259233
1296770400,90.129,91.181,86.798,86.849,0,NaN,-41.8180998496713,24.91381186367004,0.06078507368194163
1297116000,86.849,87.745,85.518,86.431,0,NaN,-70.12152944749764,11.422680495815548,-0.0036102488213223993
1297288800,86.431,87.587,84.822,85.116,0,NaN,-77.61248792421671,-0.41576648897745017,0.10879145301584503
1297634400,85.007,86.311,83.675,84.198,0,NaN,-83.46575296400336,-10.73525253439708,0.18405972041420504
1297807200,84.198,86.371,83.967,86.133,0,NaN,-32.20845287146281,11.325078400182386,0.12905831260154282
1297980000,86.133,92.748,85.624,92.67,0,NaN,26.81345223218063,53.98978607289447,0.027651202197258522
1298325600,92.67,97.292,90.915,96.364,0,NaN,79.87051275636782,70.10542367737446,-0.030629043898230783
1298498400,96.364,100.718,93.181,95.775,0,NaN,36.13562637943053,54.62969927074055,-0.1284592730718195
1298844000,95.825,98.613,94.299,98.507,0,NaN,61.00309221157677,63.250872490139656,-0.1873011942917784
1299016800,98.507,100.929,97.206,99.831,0,NaN,80.7613366511696,64.88311881089766,-0.26229161526551936
1299189600,99.831,105.333,99.649,103.234,0,NaN,100,100,-0.34435100555703
1299535200,103.234,104.53,101.847,103.093,0,NaN,100,100,-0.46550349074136815
1299708000,103.093,103.755,98.083,99.312,0,NaN,79.75188621904593,85.01153759282784,-0.5233310828548235
1300050000,99.501,101.083,96.003,96.724,0,NaN,82.93872507206632,76.75170972713718,-0.5410934337507445
1300222800,96.724,101.473,95.577,101.195,0,NaN,100,92.45268600119128,-0.6301794317520905
1300395600,101.195,103.424,99.955,101.857,0,NaN,39.63163242889132,46.38606995630131,-0.6520180543339175
1300741200,101.857,105.395,101.156,104.648,0,NaN,16.428408906872967,43.51324893220719,-0.5809937283498401
1300914000,104.648,105.766,103.633,104.803,0,NaN,25.937591598610986,43.52592151523058,-0.4126190149437152
1301259600,104.655,104.96,101.973,103.774,0,NaN,-6.051728951815395,15.577136647860641,-0.2970752586402392
1301432400,103.774,106.152,102.745,106.006,0,NaN,-4.466972941736117,18.535909341170033,-0.15652056533733885
1301605200,106.006,108.213,105.652,107.752,0,NaN,-18.435365256840395,6.714519804396257,0.0180481232575506
1301950800,107.752,108.657,106.975,108.129,0,NaN,-20.65118351931794,9.356382102683803,0.23940220255168143
1302123600,108.129,112.78,107.762,112.75,0,NaN,25.98125249417813,64.4542087877414,0.3700359150770035
1302469200,112.621,113.103,105.197,105.841,0,NaN,-14.591927965413145,44.34439172731794,0.39579305486583
1302642000,105.841,108.337,105.071,108.294,0,NaN,-42.45627486038864,28.580473718095085,0.5909627022588436
1302814800,108.294,109.918,106.472,107.381,0,NaN,-33.344761989062405,18.435597422745744,0.6728904686228457
1303160400,107.381,111.046,105.405,110.861,0,NaN,-34.193756627942726,10.242603656717215,0.7438762843494853
1303333200,110.861,111.873,110.408,111.757,0,NaN,-22.08738288408747,26.069738197591853,0.8391908331194861
1303678800,111.757,112.957,110.569,111.461,0,NaN,-17.82185621146963,36.66216755054112,0.8640925760012655
1303851600,111.461,113.508,110.241,112.338,0,NaN,-30.169389689186318,32.111517463417194,0.8735561985244624
1304024400,112.338,114.448,110.447,112.569,0,NaN,-48.99101170566864,24.95303860355795,0.8814609874650619
1304370000,112.569,112.852,108.16,108.473,0,NaN,-62.71128827789029,-0.4245138899358736,0.8686523942571965
1304542800,108.473,109.07,94.379,97.869,0,NaN,-99.99999999999999,-90.27298833002105,0.6158239551772774
1304888400,97.81,103.758,97.208,103.131,0,NaN,-51.72191705001226,-35.92061542342,0.43091547674404274
1305061200,103.131,104.413,95.104,98.676,0,NaN,-79.5566423125988,-78.99476901363762,0.2007408450965413
1305234000,98.676,100.562,96.818,96.819,0,NaN,-80.9952711759623,-89.23093100910584,-0.01437565743442786
1305579600,96.819,100.951,94.964,99.713,0,NaN,-75.54314470532486,-81.33800861267838,-0.11175814412415877
1305752400,99.713,100.852,95.993,99.544,0,NaN,-83.12958978087724,-93.14669493693233,-0.20608754707980934
1306098000,99.544,99.766,96.047,99.041,0,NaN,-74.3502321333527,-99.99999999999999,-0.2840550330625348
1306270800,99.041,101.587,97.89,99.931,0,NaN,-67.14400088501868,-99.99999999999997,-0.35084870134576496
1306443600,99.931,100.946,99.342,100.125,0,NaN,-70.60778755599335,-97.18049056861985,-0.3890483771345633
1306789200,100.125,103.137,99.401,99.421,0,NaN,-58.95896587933551,-80.29123851548687,-0.4030625518705977
1306962000,99.421,100.71,97.914,100.342,0,NaN,-14.529199897885396,-8.799460534256943,-0.34866123944055394
1307307600,100.362,100.496,97.58,99.49,0,NaN,-39.485876475882975,-32.045682331961046,-0.4003907362626499
1307480400,99.49,102.296,97.869,101.73,0,NaN,-1.0113798792451227,11.558244331602626,-0.3621088665707934
1307653200,101.73,102.012,96.04,96.901,0,NaN,-15.418550568133025,-7.253448082934847,-0.3218894753132226
1307998800,96.901,99.878,93.964,95.324,0,NaN,-35.08840659030548,-37.512641875567304,-0.1979575763434078
1308171600,95.324,95.689,91.796,92.977,0,NaN,-49.25331757233228,-60.073899511197986,-0.09953986642039059
1308517200,92.867,94.847,91.258,93.425,0,NaN,-51.06609961499005,-43.02182123824175,0.1707299886637374
1308690000,93.425,95.457,89.469,92.005,0,NaN,-58.227450110100726,-53.6918997406689,0.21169967190081743
1308862800,92.005,92.175,89.422,90.632,0,NaN,-53.30189555234672,-76.42859066626694,0.21744121767238114
1309208400,90.632,95.656,90.256,94.91,0,NaN,-40.904226373965116,-48.18721647453188,0.406059527251535
1309381200,94.91,95.645,93.287,94.608,0,NaN,-49.55211428512202,-51.62967810531704,0.4228200223386976
1309726800,94.588,97.347,94.207,96.829,0,NaN,-31.70112252699252,-38.73145942646133,0.4335897998186116
1309899600,96.829,99.301,95.775,98.664,0,NaN,-32.87933778512458,-48.58033599415218,0.474987685791042
1310072400,98.664,99.069,94.061,95.113,0,NaN,-37.8562338302612,-37.23283067652192,0.49370669519572974
1310418000,95.113,99.146,93.478,97.868,0,NaN,-10.004143532194643,-14.134018975826674,0.5267087046242469
1310590800,97.868,98.824,94.477,97.326,0,NaN,1.0770264050377953,9.561624583924438,0.37967188747638575
1310936400,97.446,98.679,94.671,98.052,0,NaN,8.544630448146687,4.803659915060482,0.32275683869142796
1311109200,98.052,99.872,96.644,98.878,0,NaN,9.111528782863374,20.795153914346457,0.21881879693505665
1311282000,98.878,99.912,98.156,98.833,0,NaN,7.493171180935828,40.871297929390714,0.1127247916100347
1311627600,98.833,100.376,96.935,96.995,0,NaN,-23.54922902944369,7.327209751923249,0.08903160754772421
1311800400,96.995,97.789,94.744,95.755,0,NaN,-24.49956760464495,-8.999620484740928,-0.07428740033643372
1312146000,95.655,98.413,92.914,93.084,0,NaN,-52.06681310437018,-40.47005433186253,-0.20409329313179672
1312318800,93.084,93.589,85.901,86.222,0,NaN,-96.3755180203643,-82.26340756887035,-0.09868322478988581
1312491600,86.222,88.183,80.069,80.629,0,NaN,-93.83849752409954,-100,0.2632645815085446
1312837200,80.629,83.05,75.617,81.802,0,NaN,-85.56561676243005,-99.99999999999999,0.41765904747582044
1313010000,81.802,87.29,80.948,85.314,0,NaN,-70.00064927348049,-81.95420494044369,0.4643911875265512
1313355600,85.224,87.994,84.344,87.113,0,NaN,-79.96044910881388,-67.51042270304893,0.4439814230370163
1313528400,87.113,88.958,81.12,81.601,0,NaN,-100,-99.99999999999997,0.4045222612570096
1313701200,81.601,84.662,79.236,84.403,0,NaN,-69.9340359994707,-91.1970205192353,0.37651665503346554
1314046800,84.403,86.458,83.268,84.962,0,NaN,-58.83729379514451,-83.85922949948281,0.3254988939348969
1314219600,84.962,86.433,82.833,85.331,0,NaN,-45.533370872527804,-73.02356120082999,0.26489247182163095
1314565200,85.431,89.104,85.001,88.706,0,NaN,-23.88555815789232,-35.43575260286495,0.22414949067312165
1314738000,88.706,89.804,87.57,88.616,0,NaN,3.4084203612206903,0.3480332321485591,0.17569267668359445
1314910800,88.616,88.896,83.429,83.529,0,NaN,-3.3086437278466665,4.150607290149281,0.09640015033649085
1315256400,83.529,90.414,83.131,90.084,0,NaN,10.38935987353301,39.312539859892794,0.10609926614490944
1315429200,90.084,90.168,85.586,86.996,0,NaN,-10.572950202478733,-9.141857030341788,0.2019791699673399
1315774800,86.957,90.484,84.959,89.835,0,NaN,12.395799471330353,-21.696965516806294,0.2958869739476994
1315947600,89.835,90.215,87.982,89.125,0,NaN,48.202993488287035,11.847769481584596,0.39719894840481146
1316120400,89.125,89.756,84.994,86.135,0,NaN,13.99810138340695,-19.240242636533743,0.5142419151618438
1316466000,86.135,88.082,84.738,84.908,0,NaN,10.683882568590892,-38.06964224906507,0.4687522491354193
1316638800,84.908,85.088,77.626,80.067,0,NaN,-5.659598257514705,-69.41787136505928,0.4537314478603261
1316984400,80.037,84.84,77.178,83.819,0,NaN,-3.8858334290964187,-78.56482365586703,0.4628955045622291
1317157200,83.819,84.688,79.702,83.192,0,NaN,7.290712415872342,-71.57332176885654,0.4817908276192745
1317330000,83.192,83.292,76.296,76.396,0,NaN,-0.3679627166420065,-83.53128623100483,0.5341830611214942
1317675600,76.396,79.953,74.994,79.843,0,NaN,-19.434941938625144,-100.00000000000004,0.5635694320141175
1317848400,79.843,84.04,79.12,82.748,0,NaN,-0.5978351624835678,-57.942410302759946,0.5740649318571672
1318194000,82.908,86.668,82.782,85.317,0,NaN,-17.71240727444938,-45.37016276556225,0.5706464413568011
1318366800,85.317,86.616,83.192,84.511,0,NaN,-29.665539496769288,-40.35491266279578,0.5767714103526385
1318539600,84.511,88.191,83.79,86.289,0,NaN,-14.072636858429277,-13.40772742290025,0.5850414921809421
1318885200,86.289,89.68,85.74,86.231,0,NaN,-10.321200969089837,-1.2014459533718895,0.5887059726140426
1319058000,86.231,88.881,84.211,87.611,0,NaN,3.5824420117277125,40.825016754698105,0.6072679919144592
1319403600,87.521,94.641,86.992,92.492,0,NaN,15.140346469153734,57.891416513420396,0.6604505627355843
1319576400,92.492,94.242,89.992,93.892,0,NaN,-0.024502314118819868,66.22288470655585,0.712674214978441
1319749200,93.892,93.972,91.353,92.523,0,NaN,42.66719951887657,100,0.782400203888962
1320094800,92.523,93.784,89.164,92.494,0,NaN,33.41541796154949,75.72852442349985,0.7860789743266977
1320267600,92.494,94.924,90.864,94.425,0,NaN,28.636143426358146,59.67076335711347,0.8144628989371111
1320616800,94.415,97.076,93.225,96.976,0,NaN,38.22329541835929,56.79289045778094,0.8431618833591261
1320789600,96.976,98.346,94.536,97.726,0,NaN,74.94019047729871,61.55561989286136,0.8038078265687651
1320962400,97.726,99.687,97.187,98.167,0,NaN,62.5376946546895,42.244438819601996,0.7739056966075322
1321308000,98.167,102.888,97.508,101.828,0,NaN,88.39109596101508,64.42936763960333,0.6921031097832278
1321480800,101.828,103.38,96.709,97.639,0,NaN,65.82824738108062,30.46521804001094,0.6099935052469129
1321826400,97.799,98.708,95.248,97.878,0,NaN,50.20925723567209,-0.5763751253988119,0.5101812973293987
1321999200,97.878,97.918,95.358,97.037,0,NaN,49.56596981908793,-15.098858486735093,0.40584085873309966
1322172000,97.037,100.747,94.997,97.786,0,NaN,63.03675047710516,-21.011941564890584,0.197924294158012
1322517600,97.786,101.756,97.236,100.406,0,NaN,49.359931176550646,4.9677932970981615,0.004624563385383831
1322690400,100.406,101.565,98.875,101.115,0,NaN,32.94800301766519,7.580570674695075,-0.18089270508864486
1323036000,101.135,102.445,100.204,101.194,0,NaN,15.624953839636774,-7.022034039153079,-0.3398662301911325
1323208800,101.194,101.944,97.713,97.993,0,NaN,-20.41323412853898,-27.909608481850505,-0.3848784046342859
1323381600,97.993,99.913,97.363,97.912,0,NaN,-17.78892530314613,-24.154041123234215,-0.4518227209762375
1323727200,97.912,101.252,94.212,94.892,0,NaN,-44.27264064250129,-65.56021001767772,-0.47536948725362993
1323900000,94.892,95.991,92.521,93.871,0,NaN,-30.032924795225092,-49.45536434084947,-0.5013033187045531
1324245600,93.781,97.64,92.78,97.6,0,NaN,-14.28299742235358,-32.015260229386946,-0.42324559840446796
1324418400,97.6,100.059,96.81,99.489,0,NaN,-2.1204618581723773,-16.26713669759631,-0.3488802530976021
1324591200,99.489,100.239,99.249,99.849,0,NaN,-18.294146253478132,-9.157677233537372,-0.20611721115566495
1324936800,99.869,101.778,99.117,99.467,0,NaN,-12.176037061644575,-27.42840771332847,-0.0625175394690378
1325109600,99.467,100.167,98.307,98.907,0,NaN,-16.5653790820702,-40.75314043458272,0.22601774033604377
1325455200,99.067,103.186,99.067,102.996,0,NaN,8.828198806137465,-18.83490918705266,0.46170543101058664
1325628000,102.996,103.745,101.305,101.325,0,NaN,12.052673473453282,-11.486234216443421,0.502368888107966
1325800800,101.325,102.805,100.104,101.314,0,NaN,16.329917123352708,-16.936862303114232,0.5439736523575439
1326146400,101.314,103.413,100.553,101.063,0,NaN,17.563621476030605,9.539016493472435,0.6186698657843293
1326319200,101.063,102.983,97.702,99.142,0,NaN,5.579968471337708,6.053143101666702,0.5513537510590969
1326664800,99.072,101.011,98.602,100.961,0,NaN,-15.124341789554581,-4.517859943083627,0.5733474730150592
1326837600,100.961,102.061,99.841,100.537,0,NaN,-21.193250124362816,-19.444596938694726,0.5535063953492287
1327010400,100.537,100.719,97.231,99.692,0,NaN,-30.120070828801964,-20.000309246928662,0.4877311429651927
1327356000,99.692,100.242,97.375,99.633,0,NaN,-36.2732517291079,-15.951195608190131,0.4354552724269313
1327528800,99.633,101.235,98.985,99.565,0,NaN,-26.85681850891778,-9.147485023349995,0.4137867041803374
1327874400,99.615,101.164,97.74,98.21,0,NaN,-55.75734527088923,-31.879782809905286,0.4074670789724808
1328047200,98.21,99.373,95.334,96.393,0,NaN,-55.950744466383966,-35.44616280657033,0.22724543610601683
1328220000,96.393,97.927,95.907,97.025,0,NaN,-61.203390668359965,-24.364514718746307,0.11584454574035653
1328565600,97.025,100.012,95.76,99.045,0,NaN,-46.30094599466792,-16.8827120298697,-0.06331815926249781
1328738400,99.045,100.109,97.256,98.957,0,NaN,-28.0241120492357,-6.137755394608268,-0.3445824674763038
1329084000,98.987,101.797,98.987,100.949,0,NaN,-23.397918207815913,-8.059302671432011,-0.4073333287072155
1329256800,100.949,102.659,100.57,102.33,0,NaN,-18.167373285240636,-0.02334456909256133,-0.31802151736390505
1329429600,102.33,105.506,102.231,104.97,0,NaN,9.818612755399307,12.227182878081724,-0.168049009208397
1329775200,104.97,106.446,104.33,105.809,0,NaN,23.206601636648834,15.728104081572631,-0.16958144929785102
1329948000,105.809,109.689,105.188,109.441,0,NaN,47.268511345825914,33.26089507777006,-0.07699523062905647
1330293600,109.361,109.532,106.088,106.308,0,NaN,31.501757361234553,22.94805690921391,0.06537825529750664
1330466400,106.308,110.351,104.639,108.604,0,NaN,62.04568303955975,44.89915818065024,0.0868800697386536
1330639200,108.604,108.835,105.345,106.948,0,NaN,50.43201335002022,27.796496304452354,0.05050770735795194
1330984800,106.948,107.188,104.219,106.059,0,NaN,46.944309106319444,10.811452971680929,-0.05190490901185263
1331157600,106.059,108.085,105.717,107.298,0,NaN,40.56475074476756,18.864342012700597,-0.2429664541254913
1331499600,107.308,107.469,105.297,106.729,0,NaN,32.132746839060594,4.5971504637696405,-0.3660829085068843
1331672400,106.729,106.956,103.729,105.35,0,NaN,25.72925917405943,-9.57864754418655,-0.4338154685830193
1331845200,105.35,108.081,105.086,107.775,0,NaN,21.958065699173563,-7.676708482759549,-0.4986542860319795
1332190800,107.775,107.775,105.116,106.351,0,NaN,10.984693008815533,-18.444244786061734,-0.5055154518322914
1332363600,106.351,107.707,103.957,106.259,0,NaN,-2.953683750683712,-36.629211500898215,-0.5039731924446152
1332709200,106.22,107.265,105.709,106.335,0,NaN,9.815384704904464,-19.9371007234741,-0.5099266265002004
1332882000,106.335,106.488,101.729,102.946,0,NaN,-12.392108334595957,-44.26527880198998,-0.38356273124994
1333054800,102.946,105.151,101.728,104.774,0,NaN,5.812740870195105,-24.747908629907762,-0.30139336476666023
1333400400,104.774,104.857,100.788,101.72,0,NaN,-14.301956409532966,-34.48102596439519,0.003514353031256441
1333573200,101.72,103.122,101.094,102.975,0,NaN,-6.3797913785877345,-41.96986907145885,0.24965360824276359
1333918800,102.975,102.975,100.499,100.721,0,NaN,-25.923959682440877,-45.00522448467541,0.5042267245512044
1334091600,100.721,104.087,100.664,103.542,0,NaN,-4.555445588671127,-21.70507404219941,0.6980087242275036
1334264400,103.542,103.755,101.722,103.056,0,NaN,-22.868600728484626,-35.131384882295734,0.7712166272535904
1334610000,103.056,105.008,102.151,102.713,0,NaN,-25.15349900393646,-33.36540855622631,0.8105078765671184
1334782800,102.713,104.255,101.705,103.652,0,NaN,-20.166676143326878,-27.903843293537363,0.7770122337147172
1335128400,103.622,103.73,101.446,103.385,0,NaN,-12.440507175865873,-31.820594687531734,0.8199816535094308
1335301200,103.385,104.574,102.757,103.949,0,NaN,-1.5814366345470896,-13.620544281539903,0.7668865752302073
1335474000,103.949,104.868,103.407,104.58,0,NaN,-16.059088703477094,-17.954455453408244,0.7510847624494366
1335819600,104.58,106.147,104.109,105.105,0,NaN,8.686240124413574,2.1301352423076274,0.6837362985278089
1335992400,105.105,105.156,97.287,98.287,0,NaN,-32.92438893365874,-33.36856914992527,0.723488139242925
1336338000,98.367,98.367,95.149,97.258,0,NaN,-21.740674781136477,-30.294804918900386,0.7692234788269883
1336510800,97.258,97.539,95.011,96.634,0,NaN,-34.08763637573057,-47.89596290382988,0.8099147687360863
1336683600,96.634,97.063,93.55,93.955,0,NaN,-39.7771358576464,-63.76792625014177,0.8470642799889688
1337029200,93.955,95.392,91.734,92.69,0,NaN,-39.21185900385457,-69.40382068134039,0.8623647290952833
1337202000,92.69,93.817,90.884,91.264,0,NaN,-55.31549106626357,-84.26554611332017,0.8573676790819971
1337547600,91.284,92.965,90.743,91.234,0,NaN,-52.43663631390012,-84.94363250403275,0.8679941275858921
1337720400,91.234,91.365,88.943,90.512,0,NaN,-76.68950028650137,-91.42949180050381,0.8840029914769121
1337893200,90.512,91.701,89.877,90.967,0,NaN,-80.18504712874098,-98.77741669458864,0.8703770981621739
1338238800,90.967,91.935,87.024,87.134,0,NaN,-99.99999999999999,-99.99999999999999,0.8792312924810051
1338411600,87.134,88.038,82.079,83.068,0,NaN,-92.23763113422811,-94.14871220106922,0.809490929978142
1338757200,83.048,84.741,81.031,84.031,0,NaN,-86.43566844057415,-81.4582035381163,0.7692295643170532
1338930000,84.031,86.875,83.284,83.494,0,NaN,-100.00000000000001,-78.85626331669995,0.6833548844001154
1339102800,83.494,86.525,81.251,81.352,0,NaN,-97.33218465861572,-77.03018424157665,0.5670492382623986
1339448400,81.352,83.928,80.973,82.333,0,NaN,-92.94734709548321,-64.33272559214771,0.39920576064385926
1339621200,82.333,84.735,82.195,83.984,0,NaN,-75.97332777616663,-44.345118674749735,0.16708388525130932
1339966800,84.124,85.566,82.014,83.928,0,NaN,-86.41314104377169,-44.669551274357374,-0.003967117628072443
1340139600,83.928,84.314,77.692,77.793,0,NaN,-99.99999999999999,-67.46290275095521,-0.22234323255179184
1340312400,77.793,80.35,77.211,78.858,0,NaN,-89.94429968328276,-63.365361868097196,-0.48806657827640604
1340658000,78.858,80.623,78.061,80.248,0,NaN,-67.51214902079526,-40.23608747701135,-0.674245274171573
1340830800,80.248,85.056,77.011,84.748,0,NaN,-22.70501314555803,2.7007116046817057,-0.6903933513959326
1341176400,84.589,87.8,81.864,87.445,0,NaN,-10.104367182185305,13.727566664393422,-0.6479961319483801
1341349200,87.445,88.764,86.274,86.475,0,NaN,-0.41272614631846594,10.418342105584262,-0.6112593240541574
1341522000,86.475,86.926,83.833,85.531,0,NaN,10.537679232878595,13.199232492110227,-0.5334808837847089
1341867600,85.531,86.365,83.517,86.048,0,NaN,11.774554699829103,8.282297871998171,-0.43284736928526674
1342040400,86.048,87.512,84.1,86.984,0,NaN,11.295058944209394,-0.1074160472968364,-0.3413071501500434
1342386000,86.974,89.415,86.35,89.068,0,NaN,25.232645998311135,11.670951224955576,-0.13197625126846804
1342558800,89.068,92.857,88.553,92.192,0,NaN,81.61288146817608,64.16187769401883,0.17781461698993595
1342731600,92.192,92.271,87.585,87.775,0,NaN,36.08800641908389,37.80002214411657,0.39050666315760196
1343077200,87.775,89.052,86.539,88.664,0,NaN,44.53035028137612,30.653845655779868,0.6048264099534295
1343250000,88.664,90.167,87.773,89.853,0,NaN,19.263437935704744,14.847730077217776,0.6662855594972608
1343595600,89.973,90.687,87.076,87.865,0,NaN,-15.664167705167118,-9.445797719409594,0.7384328560992833
1343768400,87.865,89.409,86.706,87.149,0,NaN,-12.0150019921962,-7.786423081478153,0.7690795639923862
1343941200,87.149,92.152,87.02,91.914,0,NaN,15.55043506332704,36.99368959105684,0.805798804409099
1344286800,91.914,94.56,91.609,93.285,0,NaN,20.766071640230535,59.06120306384025,0.8237327333098141
1344459600,93.285,94.063,91.577,93.219,0,NaN,9.477857033165035,54.415363192009586,0.8267295009875554
1344805200,93.259,94.04,91.953,93.217,0,NaN,5.610707498336973,39.3689595544556,0.7452120850391131
1344978000,93.217,95.688,92.605,95.249,0,NaN,3.878609211054057,31.050737534636003,0.5333667594608947
1345150800,95.249,96.404,94.905,95.785,0,NaN,42.88940070634613,60.45211511000224,0.15700083741318216
1345496400,95.785,97.437,95.647,97.027,0,NaN,46.7222988164113,69.85618203508062,-0.11184552648249656
1345669200,97.027,97.899,95.044,95.739,0,NaN,41.30506198307853,59.813745428279354,-0.2872153776043954
1346014800,95.739,97.382,94.09,95.772,0,NaN,66.92217521781737,66.86023814917019,-0.41732158700174293
1346187600,95.772,96.07,93.672,94.483,0,NaN,62.08594394117485,64.7735214834344,-0.4692349267881437
1346360400,94.483,97.067,94.235,96.768,0,NaN,49.92026430884815,50.95721891393444,-0.5883193700535155
1346706000,96.768,97.146,94.059,95.669,0,NaN,40.65327436067721,32.4325056125863,-0.6209098501406217
1346878800,95.669,97.516,93.906,96.165,0,NaN,33.75796556756079,38.08143799815956,-0.7070996508246541
1347224400,96.116,97.184,95.203,96.768,0,NaN,31.483941934932897,46.51408678260149,-0.733761346462563
1347397200,96.768,98.479,96.199,97.974,0,NaN,18.492735381808835,45.2776446006718,-0.7495835494690065
1347570000,97.974,100.329,94.609,96.35,0,NaN,9.540107771629234,38.33146574851138,-0.7689255555281181
1347915600,96.35,97.193,91.242,91.782,0,NaN,-26.75281273781085,5.2787465189760345,-0.7137517169815099
1348088400,91.782,93.542,90.659,92.767,0,NaN,-12.033434975493208,10.253872448351956,-0.6533769159051821
1348434000,92.668,92.941,90.322,90.551,0,NaN,-27.621993718210433,-1.9462355123984167,-0.4913569481917467
1348606800,90.551,92.156,88.713,92.136,0,NaN,-12.790564610835677,9.728486320970882,-0.3067956955017033
1348779600,92.136,93.128,91.059,92.133,0,NaN,-25.231304470689103,-0.5545284503412553,-0.13129501663411378
1349125200,92.133,92.748,87.53,87.81,0,NaN,-44.09443048095588,-19.479249227719777,0.14412737907977732
1349298000,87.81,91.671,87.731,89.765,0,NaN,-20.211937360435865,-10.588937093404379,0.3783923163099086
1349643600,89.765,92.786,88.081,92.118,0,NaN,-8.7600859436403,-6.297544990405289,0.47455559682272885
1349816400,92.118,93.543,90.908,92.267,0,NaN,-11.704767978363297,-18.256149630537003,0.49141575674393473
1349989200,92.267,92.543,89.724,91.645,0,NaN,-14.771492952552787,-17.59423008285746,0.4947861188597242
1350334800,91.645,92.8,91.241,91.963,0,NaN,11.22810547090062,13.151008915596737,0.4268686562280279
1350507600,91.963,93.074,89.791,90.111,0,NaN,-7.554501795561604,-1.4235740553305067,0.27533723886389533
1350853200,90.201,90.9,85.356,86.176,0,NaN,-18.581397845816163,-12.80263898580682,0.142245330679583
1351026000,86.176,87.137,84.622,85.741,0,NaN,-35.502772210976545,-23.06430578088203,-0.06735662373086829
1351198800,85.741,86.156,84.401,84.971,0,NaN,-43.125871495658096,-28.061541277335287,-0.21142466483538047
1351544400,84.971,86.946,84.843,85.802,0,NaN,-22.09498891269995,0.06305110941100267,-0.2965229056520296
1351717200,85.802,87.188,84.448,84.609,0,NaN,-43.656659091781066,-21.202703576585485,-0.3614119534404568
1352066400,84.579,89.046,84.159,88.279,0,NaN,-36.689252771904904,-16.37058230523479,-0.3829533373562364
1352239200,88.279,88.634,83.898,84.869,0,NaN,-56.11969725181023,-33.935402299617486,-0.5356513186469385
1352412000,84.869,86.636,83.998,85.476,0,NaN,-50.35407230674768,-30.64283705228611,-0.6541949291600515
1352757600,85.476,86.577,84.485,86.328,0,NaN,-35.427089345404205,-29.629070474989753,-0.6831060723958522
1352930400,86.328,87.055,84.764,86.778,0,NaN,-20.043290353391942,-17.23792737105593,-0.7180405757603686
1353276000,86.658,89.486,85.878,87.016,0,NaN,2.467704188716577,10.245563145979476,-0.7214800026603135
1353448800,87.016,87.6,86.087,86.845,0,NaN,11.065986738663199,13.220407366614188,-0.7613142525478729
1353621600,86.845,88.259,86.439,87.553,0,NaN,14.54616199397312,23.320082731408544,-0.7640639280154573
1353967200,87.553,88.016,85.146,86.406,0,NaN,3.53821844210613,14.724931084683185,-0.793056586191019
1354140000,86.406,88.784,86.337,88.708,0,NaN,28.234938788592306,36.420419269472944,-0.7919181922617851
1354485600,88.708,90.15,87.412,88.231,0,NaN,4.180627664922352,16.697848331748705,-0.7191859025156017
1354658400,88.231,88.889,85.549,86.324,0,NaN,11.214800783977424,29.213455219204352,-0.6279768657165237
1354831200,86.324,86.785,85.238,85.574,0,NaN,0.6032055541107946,18.66383043343663,-0.45056438122682846
1355176800,85.574,87.595,85.123,86.692,0,NaN,-2.3941112820382546,20.176899620321926,-0.08173266434727926
1355349600,86.692,86.895,85.742,86.816,0,NaN,-7.47639076544152,21.461682697858336,0.18994431663553032
1355695200,86.816,88.113,86.451,87.848,0,NaN,3.1867991228679413,26.41643820557683,0.229766657902127
1355868000,87.848,90.043,87.758,89.518,0,NaN,19.498315464130265,39.21230718185856,0.07060094974683426
1356040800,89.518,89.589,87.494,88.142,0,NaN,15.387963029423902,27.357264122082793,-0.13907467580410107
1356386400,88.142,90.887,88.142,90.692,0,NaN,43.32648707427557,42.833421447139315,-0.2802028947701507
1356559200,90.692,91.107,89.668,90.338,0,NaN,22.818612837591047,27.31218292833079,-0.5714443406399894
1356904800,90.338,91.312,89.674,91.09,0,NaN,29.807421507987247,33.419048073067444,-0.6001682326187433
1356991200,91.09,93.544,91.09,92.675,0,NaN,58.321877982365436,50.52050189210733,-0.5422539672228418
1357164000,92.675,93.001,91.257,92.81,0,NaN,61.23690932512575,56.23565514439473,-0.47887106424517434
1357509600,92.81,93.573,92.212,92.941,0,NaN,54.36550885951774,51.02755605398707,-0.3908197066270896
1357682400,92.941,94.501,92.483,93.71,0,NaN,57.94175493432089,49.53987153041303,-0.18558553400983688
1357855200,93.71,94.149,92.459,94.096,0,NaN,48.52137389257627,50.17497992117359,-0.10532928493872626
1358200800,94.096,94.337,93.019,94.136,0,NaN,31.959591139202388,37.17767546976077,0.019666221853949718
1358373600,94.136,95.964,93.728,95.31,0,NaN,46.117358583863705,52.81769294536369,0.1661389908569978
1358719200,95.31,96.43,95.02,96.213,0,NaN,29.637401347195407,44.70024692736146,0.38211611459343364
1358892000,96.213,96.472,94.529,95.557,0,NaN,33.407799721491315,41.478772969265094,0.4662280905085281
1359064800,95.557,96.441,95.033,96.167,0,NaN,36.44988166783741,39.93319633345408,0.5538375724635248
1359410400,96.167,97.896,95.946,97.688,0,NaN,35.54181548720062,41.237714413219464,0.6178631630141657
1359583200,97.688,97.838,96.214,97.281,0,NaN,37.5120201455887,45.261996705054386,0.5489049399524861
1359928800,97.281,97.477,95.648,96.451,0,NaN,31.769603009704316,40.06520728107304,0.5295532545575056
1360101600,96.451,96.996,94.82,95.671,0,NaN,29.9643601147216,30.898119947074104,0.5020456239667089
1360274400,95.671,96.942,94.832,96.869,0,NaN,36.8310991154413,24.341643596619882,0.46893686946949786
1360620000,96.869,97.983,96.539,97.095,0,NaN,35.82698398057403,26.00936270633102,0.47216791174786554
1360792800,97.095,97.629,95.161,95.879,0,NaN,21.923454359295633,13.367475810618734,0.3427766216809137
1361138400,95.879,96.629,95.19,96.57,0,NaN,22.080684205187207,9.008180935103617,0.3155993052064753
1361311200,96.57,96.948,92.15,92.484,0,NaN,-2.9517477926554,-11.30752524265148,0.1933311223458098
1361484000,92.484,94.027,91.664,91.687,0,NaN,-20.125350935983672,-20.982505610994586,-0.11392981838849806
1361829600,91.687,93.024,91.616,92.477,0,NaN,-19.225853688256016,-28.22154991835111,-0.23824182326339277
1362002400,92.477,92.809,89.709,90.595,0,NaN,-28.137894502664167,-39.98985017902862,-0.38012508470491074
1362348000,90.595,90.718,89.055,90.496,0,NaN,-21.898581379680696,-44.17333844926718,-0.5316842500768942
1362520800,90.496,91.477,89.31,91.209,0,NaN,-23.404157989756804,-47.06876161500034,-0.6025612744993956
1362693600,91.209,91.955,90.613,91.778,0,NaN,-26.560151765307587,-49.604306869652646,-0.6459926151468319
1363035600,91.778,93.246,91.406,92.229,0,NaN,-26.559417755745137,-48.31096755563276,-0.6678732731073428
1363208400,92.229,93.591,91.757,93.338,0,NaN,-18.662002331010118,-45.8031577311319,-0.6496277543296749
1363554000,93.338,93.927,91.6,91.919,0,NaN,-28.81083484869594,-56.47950620325597,-0.6833738155188324
1363726800,91.919,93.076,91.341,91.957,0,NaN,-4.4395737729551445,-25.662999109839113,-0.6914311412950116
1363899600,91.957,95.202,91.832,94.201,0,NaN,17.496516618333505,2.3270720249754397,-0.6446785596193092
1364245200,94.201,96.411,94.184,96.229,0,NaN,12.582020706845116,7.056552455477078,-0.5695294804377266
1364418000,96.229,96.935,95.856,96.798,0,NaN,25.324014070799706,17.198334682816366,-0.4525241642906386
1364763600,96.798,97.405,95.588,96.538,0,NaN,17.05934581189765,18.18235006317915,-0.34136988794097806
1364936400,96.538,96.616,91.845,93.054,0,NaN,-19.1820693227365,-13.263436955061632,-0.29582058959200347
1365109200,93.054,93.503,91.637,93.299,0,NaN,-16.709109728507702,-11.622249454729559,-0.16296131946616005
1365454800,93.299,94.593,92.637,94.379,0,NaN,-13.88305734240491,-8.303999264476907,0.03445322206828212
1365627600,94.379,94.44,90.134,90.655,0,NaN,-54.26157210583125,-44.732539826989395,0.1483681790015679
1365973200,90.655,90.715,85.983,88.783,0,NaN,-45.25687446965667,-45.945891107150544,0.2558744869929916
1366146000,88.783,88.944,85.508,88.131,0,NaN,-49.93927767783857,-45.70724750117424,0.27784198371799457
1366318800,88.131,89.12,87.344,88.941,0,NaN,-55.89969572185976,-67.13434845116473,0.3125585946412667
1366664400,88.941,91.331,87.473,91.307,0,NaN,-32.50059633051761,-49.24720850931216,0.37048240913366143
1366837200,91.307,93.522,90.797,92.57,0,NaN,-36.25591804164761,-45.09444870718562,0.26888373438609875
1367182800,92.57,94.335,92.116,92.676,0,NaN,-37.339824822514686,-35.40606887783702,0.1975952009786692
1367355600,92.676,93.934,89.796,93.747,0,NaN,20.824858585098728,17.214264272198008,0.083733615572706
1367528400,93.747,96.854,93.259,95.59,0,NaN,28.684803653211286,25.134955030468742,-0.08462554701136484
1367874000,95.59,96.521,94.692,96.408,0,NaN,49.38472233687928,22.058599923567026,-0.2519959693668071
1368046800,96.408,96.517,93.187,95.673,0,NaN,100,56.34332614369431,-0.3332417855064601
1368392400,95.673,95.673,93.724,94.049,0,NaN,92.19558109936345,43.2514049219991,-0.3085842714671046
1368565200,94.049,95.447,92.025,95.056,0,NaN,100,49.66781545519938,-0.32166893660083323
1368738000,95.056,97.001,94.692,96.574,0,NaN,100,66.07538739526971,-0.4154088256536982
1369083600,96.574,96.887,93.705,93.79,0,NaN,42.36851925254409,10.334337043447679,-0.4634714688230438
1369256400,93.79,94.155,91.917,93.547,0,NaN,36.97968449874356,-8.112764243934674,-0.5268346682194865
1369602000,93.547,95.661,92.972,94.867,0,NaN,60.93444654290488,8.325402469424837,-0.6496993906495229
1369774800,94.867,94.984,91.456,93.355,0,NaN,29.461505560300836,-27.344741978238247,-0.6335550011650867
1369947600,93.355,93.606,91.124,93.103,0,NaN,5.5714977909311365,-38.20434161055192,-0.6404083006514144
1370293200,93.103,94.307,92.218,93.582,0,NaN,11.822919777843541,-27.1252979514933,-0.7114406558603822
1370466000,93.582,96.222,93.51,96.054,0,NaN,32.12612079239143,19.47179849320233,-0.7117817279333691
1370811600,96.054,96.126,93.952,94.782,0,NaN,31.959475206797194,38.27818618822423,-0.6365245126867571
1370984400,94.782,96.816,94.342,96.622,0,NaN,18.274456997533413,62.39119288430155,-0.5965015210586455
1371157200,96.622,98.651,96.321,97.867,0,NaN,16.621554645730868,62.54975088644554,-0.5613179292744659
1371502800,97.867,98.921,97.368,97.844,0,NaN,64.14010489977808,97.32308955463331,-0.5510448319937733
1371675600,97.844,97.919,92.863,93.633,0,NaN,30.67966084604093,42.60542103910893,-0.39202573897867615
1372021200,93.633,95.937,92.445,95.002,0,NaN,21.6130906698426,28.414991286211627,-0.27895821435080503
1372194000,95.002,97.192,93.467,96.645,0,NaN,51.762409454615536,57.27214422667201,-0.2514990739239725
1372366800,96.645,98.094,95.893,97.901,0,NaN,76.96290987950253,69.13341220467908,-0.3664306620159987
1372712400,97.901,102.01,97.599,101.043,0,NaN,94.64062259746777,86.35352096212085,-0.5709977664719669
1372885200,101.043,103.322,100.544,103.307,0,NaN,89.06201775145931,65.35134670498009,-0.6311454253373007
1373230800,103.307,104.21,102.008,104.025,0,NaN,97.88747223037736,78.6121048782375,-0.6029931244806969
1373403600,104.025,106.525,103.67,104.12,0,NaN,97.14806647200822,45.744664660528294,-0.6521083358351953
1373576400,104.12,106.195,103.855,105.97,0,NaN,94.69762159570259,72.00369792323286,-0.7310183441746809
1373922000,105.97,106.785,104.795,106.335,0,NaN,64.61137210112274,71.53187405950024,-0.7118628959865935
1374094800,106.335,108.925,105.93,108.21,0,NaN,100,100,-0.7167488082323816
1374440400,108.21,108.595,105.465,107.4,0,NaN,75.62027616644465,85.7421017616566,-0.7238595964591659
1374613200,107.4,107.54,104.085,105.59,0,NaN,54.95757468460202,66.97909006778073,-0.7184580738305342
1374786000,105.59,105.645,103.875,104.583,0,NaN,23.47497986016444,48.6891092674048,-0.727016467725231
1375131600,104.583,105.207,102.763,105.171,0,NaN,6.711149671579697,33.463525773770236,-0.6363883557612429
1375304400,105.171,108.496,104.909,106.77,0,NaN,11.470705009726444,29.59302058137525,-0.6453161445206933
1375650000,106.77,107.557,104.893,105.721,0,NaN,5.241418430797356,19.79426807960794,-0.6757763275894542
1375822800,105.721,105.832,102.365,103.689,0,NaN,-19.32749085713617,7.446429849588725,-0.6385488266062833
1375995600,103.689,106.246,103.59,106.155,0,NaN,-38.86370917756971,1.0582736931624908,-0.6209164296887023
1376341200,106.155,107.255,105.658,107.165,0,NaN,-12.995737649644887,5.303986194098162,-0.6425804558105238
1376514000,107.165,108.43,106.746,108.015,0,NaN,-44.05767199762929,-9.306416278375087,-0.6311659319417314
1376859600,108.015,108.015,105.041,105.572,0,NaN,-56.27398037486469,-18.10771207741699,-0.5493321973308416
1377032400,105.572,105.762,103.894,105.546,0,NaN,-39.357423654181446,-7.687845593761988,-0.4182665485154526
1377205200,105.546,107.693,104.673,106.582,0,NaN,-11.622326078033034,2.563814229152239,-0.18285254806721243
1377550800,106.582,112.561,106.209,109.864,0,NaN,-2.397534212145942,20.892945443981716,-0.18761643941519698
1377723600,109.864,110.355,107.052,107.952,0,NaN,-41.44410589948187,-8.440058948768131,-0.12740987677359164
1378069200,107.952,109.058,104.497,108.75,0,NaN,-40.37933597406416,3.748517501144107,0.10937124141791794
1378242000,108.75,108.835,106.99,108.628,0,NaN,-21.591710672825638,15.207689740297916,0.26551087271544316
1378414800,108.628,110.89,108.323,109.062,0,NaN,-28.389300464201295,-7.135667810129847,0.3381850225363145
1378760400,109.062,109.077,106.668,107.913,0,NaN,-69.10894899762044,-16.77274823332725,0.41220721802633054
1378933200,107.913,109.31,107.468,108.885,0,NaN,-50.31143083470216,-8.888573773281546,0.43946866446926114
1379278800,108.885,108.885,105.294,105.627,0,NaN,-69.32556560205434,-17.51881206219436,0.34047938068204536
1379451600,105.627,109.036,105.427,106.544,0,NaN,-80.4001607110902,-3.2898598568933313,0.30970915133764854
1379624400,106.544,106.959,103.864,104.199,0,NaN,-100,-25.1203527335581,0.1277101553443704
1379970000,104.199,104.653,102.88,103.036,0,NaN,-100,-59.25700492979984,-0.11698293256408705
1380142800,103.036,104.411,102.876,103.459,0,NaN,-84.8536845462578,-42.09630744215477,-0.18474026392787143
1380488400,103.459,103.459,101.577,102.167,0,NaN,-94.39505553380872,-47.99973661393172,-0.3669123992952591
1380661200,102.167,104.868,101.945,103.458,0,NaN,-80.00738582742221,-33.649662217984144,-0.5429784592827281
1380834000,103.458,104.65,102.246,103.518,0,NaN,-76.12043144414312,-38.653723567202704,-0.6087010931401337
1381179600,103.518,104.438,101.525,101.714,0,NaN,-73.40983753161552,-46.48632771235425,-0.6788419135978134
1381352400,101.714,103.854,101.086,102.298,0,NaN,-88.9937770913467,-55.68023421004479,-0.7034895538236658
1381698000,102.298,103.113,101.517,101.537,0,NaN,-66.78624261012743,-38.518640952895666,-0.7810011454435967
1381870800,101.537,103.568,100.622,101.323,0,NaN,-77.97748639153505,-59.35783157837047,-0.8295083175926179
1382043600,101.323,102.374,99.767,99.87,0,NaN,-73.66510373176348,-43.23587534341428,-0.8625388918222566
1382389200,99.87,100.64,96.484,97.449,0,NaN,-86.99676887906037,-47.90017693015323,-0.8740082299026024
1382562000,97.449,98.355,96.262,98.174,0,NaN,-85.36027495662003,-45.3146168696752,-0.9081866058972052
1382907600,98.174,99.084,97.637,98.088,0,NaN,-62.91331187886122,-39.923128018693326,-0.9055629809916135
1383080400,98.088,98.098,96.263,96.486,0,NaN,-80.72138457050812,-70.58495374241603,-0.8763720820307767
1383253200,96.486,96.867,94.236,94.696,0,NaN,-95.25098680303361,-92.15275670556625,-0.8472315187528138
1383602400,94.696,95.584,93.272,95.028,0,NaN,-81.77771543901406,-76.98800642822991,-0.8349296567211341
1383775200,95.028,95.489,94.002,94.566,0,NaN,-74.8016414004095,-82.70746980755143,-0.7517397544567144
1384120800,94.566,95.564,93.172,93.477,0,NaN,-68.38896708381881,-89.78578716041568,-0.6099038918718435
1384293600,93.477,94.933,93.038,94.507,0,NaN,-50.80747455808174,-76.29105514507063,-0.4902607062914056
1384466400,94.507,95.019,93.272,93.518,0,NaN,-51.00013993905552,-80.85525612055349,-0.38751731866782224
1384812000,93.518,94.368,93.115,93.605,0,NaN,-31.88638092754698,-64.30440185102927,-0.2615325696893625
1384984800,93.605,95.495,93.361,94.725,0,NaN,-18.399680458247783,-65.04846505134196,-0.02606468514108837
1385330400,94.725,94.725,92.987,93.466,0,NaN,-32.83449516591384,-72.51327323708465,0.16650811492069248
1385503200,93.466,93.521,91.685,92.158,0,NaN,-32.74652270615191,-63.218520619216214,0.3834297116235504
1385676000,92.158,94.011,92.04,93.827,0,NaN,0.8023312396248237,-25.01078934662058,0.5558673966314414
1386021600,93.827,97.473,93.604,97.22,0,NaN,24.38912075859755,-1.1730582395087445,0.5490425862871627
1386194400,97.22,98.009,96.921,97.702,0,NaN,25.65793378171088,10.730027037990045,0.5763964160759316
1386540000,97.702,98.603,96.989,98.397,0,NaN,30.8327367093571,29.76887809895959,0.5129161049151708
1386712800,98.397,98.632,97.161,97.368,0,NaN,19.01176272071207,12.950718815382494,0.3435215948174234
1386885600,97.368,97.743,96.286,97.265,0,NaN,43.68148274248652,17.88261840186062,0.1394886967279778
1387231200,97.265,98.037,97.034,97.672,0,NaN,47.98746999343608,20.59350240266229,-0.03764575928464081
1387404000,97.672,99.259,97.538,98.933,0,NaN,39.33223370373335,24.87477203029477,-0.307202472452499
1387749600,98.933,99.114,98.34,99.019,0,NaN,41.65985302966925,31.00312426415673,-0.5226817553833562
1387922400,99.019,99.517,98.876,99.503,0,NaN,60.36695902712279,46.333238905130074,-0.6258965275877686
1388095200,99.503,100.572,98.985,99.121,0,NaN,38.362241191847986,28.351103678245714,-0.6678238792500676
1388440800,99.121,99.236,98.012,98.482,0,NaN,7.117012850340988,-5.963661629590721,-0.7273074713148849
1388527200,98.482,98.832,95.22,95.366,0,NaN,-26.7029839444795,-36.330021721366,-0.7003738333932278
1388700000,95.366,95.611,93.109,93.564,0,NaN,-46.64123990351828,-68.49478058058706,-0.6246316659373631
1389045600,93.564,94.123,92.209,92.454,0,NaN,-46.679637415719135,-73.74662030753001,-0.605232382710109
1389218400,92.454,93.301,91.227,92.8,0,NaN,-53.54479637046979,-69.1848234577007,-0.6232473200465449
1389564000,92.8,92.865,91.426,92.569,0,NaN,-78.48943791980322,-70.74481414835762,-0.6462713243128373
1389736800,92.569,94.59,92.408,93.983,0,NaN,-67.44391380480405,-73.94216434265721,-0.6465363283639907
1389909600,93.983,94.855,93.469,93.817,0,NaN,-50.78119934995337,-73.15321391571464,-0.6559227183754166
1390255200,93.817,96.703,93.741,96.525,0,NaN,-43.495162414379735,-54.58440741430177,-0.6017326919663326
1390428000,96.525,97.658,96.087,96.717,0,NaN,-26.209639821200785,-50.76864700173223,-0.5827020249054884
1390773600,96.717,97.509,95.062,97.071,0,NaN,-22.44963677559297,-35.05861810658099,-0.5351629964565827
1390946400,97.071,98.45,96.19,97.945,0,NaN,7.686189795411906,-5.279458697427486,-0.46776557969811183
1391119200,97.945,98.258,96.158,96.522,0,NaN,17.92817049880952,1.0834324301657432,-0.49946617142199756
1391464800,96.522,98.0805,96.271,97.3005,0,NaN,16.12376584769239,19.74576873851217,-0.41112180641492163
1391637600,97.3005,100.2675,97.2625,100.1135,0,NaN,29.07826264514351,43.36593394112542,-0.22846272427239436
1391983200,100.1135,100.5485,99.1605,100.4505,0,NaN,41.80933012244904,47.14111894143177,-0.03915111628717182
1392156000,100.4505,101.3515,99.4955,100.5915,0,NaN,21.684146827704247,40.592016896482995,0.09845830186968456
1392328800,100.5915,101.3505,99.7835,101.0845,0,NaN,15.142659809165991,51.866723314726954,0.25753225451650924
1392674400,101.0845,103.7395,100.7715,103.3235,0,NaN,12.643861035977132,49.22338607967113,0.47363404414277255
1392847200,103.3235,103.4725,102.1185,102.7675,0,NaN,-2.1223366321203656,39.16406919349776,0.638968925234393
1393192800,102.7675,103.8305,101.3855,102.4095,0,NaN,-6.223867873142932,26.426677538966366,0.7807438003760339
1393365600,102.4095,103.4115,101.9335,102.3985,0,NaN,-5.260817726806149,17.190685970496716,0.8312734826876259
1393538400,102.3985,105.5005,102.1245,105.0855,0,NaN,27.53740393197114,66.40171974749894,0.802957326903004
1393884000,105.0855,105.223,101.1585,101.2485,0,NaN,3.0733973934758367,20.343797195861406,0.7778221470955974
1394056800,101.2485,103.1565,100.5305,102.8995,0,NaN,-15.214289273354689,15.15986602857867,0.814725946312149
1394398800,102.8995,102.9765,99.6295,99.6845,0,NaN,-28.841880052618023,-19.16710811217329,0.8545422039924366
1394571600,99.6845,99.8515,97.8905,98.643,0,NaN,-39.1428704799057,-27.891938336232176,0.775549492568265
1394744400,98.643,99.63,97.6255,98.1135,0,NaN,-45.501268084532114,-37.8447450534944,0.6081851060224677
1395090000,98.1135,99.8485,97.8975,99.7315,0,NaN,-54.32521217107576,-45.27653628560131,0.49621253128480564
1395262800,99.7315,100.8245,98.6615,100.0735,0,NaN,-43.59100148812894,-43.35173761410226,0.3248391163184588
1395608400,100.0735,100.8125,99.2965,99.7115,0,NaN,-47.739900445706105,-41.6732329847568,0.16674204044581412
1395781200,99.7115,102.164,99.5925,101.856,0,NaN,-46.89736056144629,-22.666103189549638,0.13620411877932823
1395954000,101.856,102.69,101.285,101.87,0,NaN,-71.00872840048746,-53.10814251405425,-0.04574590039810156
1396299600,101.87,101.937,99.217,99.702,0,NaN,-57.421638958993945,-34.39046575475294,-0.23703147356363322
1396472400,99.702,101.951,99.415,101.435,0,NaN,-42.003997337299204,-42.8334378771868,-0.263291158595364
1396818000,101.435,102.885,100.191,102.53,0,NaN,-19.888238476030754,-3.314469983448987,-0.2197309873999749
1396990800,102.53,103.75,102.187,103.222,0,NaN,-19.391356627190333,17.846831924853674,-0.15430471492234588
1397163600,103.222,104.294,102.884,103.626,0,NaN,-13.790295088155219,24.662079477330003,-0.05190928933366921
1397509200,103.626,104.874,102.968,103.786,0,NaN,-13.15309573377384,7.603852718809026,0.09267677813717481
1397682000,103.786,104.665,103.5,104.41,0,NaN,-16.30406552403057,17.758585458197864,0.20777845282360757
1398027600,104.41,104.493,102.129,102.446,0,NaN,-20.947456817663117,1.732542023230092,0.2542569787788183
1398200400,102.446,102.938,101.811,102.462,0,NaN,-15.005824777245374,-9.317871871468384,0.30206585138551273
1398373200,102.462,102.624,100.817,101.374,0,NaN,-12.672935558672993,-6.8550354715450705,0.6053662640421635
1398718800,101.374,102.675,99.79,100.09,0,NaN,-5.697256915164179,2.40202764569025,0.6889747428414255
1398891600,100.09,100.528,99.159,100.305,0,NaN,-21.534241279452306,-5.379018645455123,0.804078802036449
1399237200,100.305,100.763,99.252,100.171,0,NaN,-29.069657461641842,-20.87378722240701,0.843890499229525
1399410000,100.171,101.275,100.082,100.556,0,NaN,-25.313137889696694,-27.748511558994597,0.8460474146667714
1399582800,100.556,101.416,99.965,100.81,0,NaN,-27.81288567843637,-32.90665966498146,0.8057021244671212
1399928400,100.81,102.7985,100.565,102.2705,0,NaN,-20.55033491735052,-22.63296377816736,0.7736258961203945
1400101200,102.2705,102.5465,101.6175,102.4605,0,NaN,-27.079048547212977,-28.58667948392139,0.705611825013954
1400446800,102.4605,103.642,102.2555,103.612,0,NaN,4.738006670109428,2.06482765598294,0.4757471460006064
1400619600,103.612,104.974,103.477,104.47,0,NaN,17.462207018701225,11.339327331261352,0.1769014549739346
1400792400,104.47,105.138,104.29,104.77,0,NaN,28.718385963052732,21.31413790606471,-0.03321495643115983
1401138000,104.77,105.057,103.163,103.53,0,NaN,31.289922412850828,19.47620723619935,-0.0977419844075062
1401310800,103.53,104.438,102.879,103.339,0,NaN,18.949950137486468,10.853671908736619,-0.12180917848431494
1401656400,103.339,103.762,102.499,103.229,0,NaN,24.764161619876756,9.825124602582108,-0.13989974335276886
1401829200,103.229,104.048,101.945,102.816,0,NaN,14.971936425317217,-4.004629131369153,-0.17257066217587835
1402002000,102.816,104.652,102.593,104.632,0,NaN,30.147534203382953,18.18838493106112,-0.2247930846435326
1402347600,104.632,105.156,104.035,104.613,0,NaN,12.637691576599359,4.799574668345837,-0.29068067030524053
1402520400,104.613,107.745,104.479,106.878,0,NaN,36.41093988617524,30.36440226266543,-0.2866470406820091
1402866000,106.878,107.618,106.256,106.899,0,NaN,28.857149992376627,19.895442992226986,-0.301191221994076
1403038800,106.899,107.236,105.856,106.864,0,NaN,4.244489669487315,9.612927387754912,-0.24544396225944587
1403211600,106.864,108.0375,106.543,106.683,0,NaN,-1.2011415958709737,10.24956096288452,-0.2425906212731307
1403557200,106.683,108.11,105.898,107.407,0,NaN,17.420601598837163,31.31069632216751,-0.27137033138585615
1403730000,107.407,107.445,105.617,106.302,0,NaN,14.825791205022686,25.62413922541142,-0.28711050938096133
1404075600,106.302,106.562,105.072,105.805,0,NaN,-4.1527418054541005,29.254808414523033,-0.2509056179633707
1404248400,105.805,105.977,104.097,104.43,0,NaN,10.047689562146925,17.917532556231624,-0.18316374203041016
1404421200,104.43,104.533,103.522,103.806,0,NaN,-11.686231700434057,-8.951731264366323,-0.028771253217449437
1404766800,103.806,104.52,102.175,102.308,0,NaN,-26.374959959213243,-21.378610988036627,0.16727202510994318
1404939600,102.308,103.258,100.678,100.899,0,NaN,-63.95385775643915,-55.70042928247237,0.2483545596856531
1405285200,100.899,101.436,99.319,100.339,0,NaN,-75.39125951112749,-64.95953897261737,0.2378856763597248
1405458000,100.339,103.53,100.238,103.387,0,NaN,-37.27260867606865,-37.0864777105174,0.2505243502071977
1405630800,103.387,103.594,102.035,103.399,0,NaN,-37.96476139216793,-39.38691809310335,0.27458851972165027
1405976400,103.399,103.964,102.314,103.643,0,NaN,-43.28823242294352,-44.87167645238794,0.2477255175495446
1406149200,103.643,103.824,101.474,102.44,0,NaN,-44.230214902613326,-50.854934283288245,0.19856874423158205
1406494800,102.44,102.5225,100.769,101.434,0,NaN,-40.601739426733566,-64.13511385127723,0.11499299784327008
1406667600,101.434,102.046,97.991,98.006,0,NaN,-66.57396930302232,-84.50043921973094,0.08890951259411324
1406840400,98.006,98.945,97.425,98.705,0,NaN,-53.3045309174082,-75.08359478898257,-0.03693901908389664
1407186000,98.705,98.9425,96.96,97.112,0,NaN,-49.06907446999328,-71.78469787737296,-0.2147497568086439
1407358800,97.112,98.6575,96.7845,97.745,0,NaN,-39.29184323015231,-58.79735756144492,-0.39016747990922906
1407704400,97.745,98.737,96.9725,97.323,0,NaN,-40.68385490319544,-54.34969436442189,-0.4406247885123193
1407877200,97.323,97.912,94.823,95.017,0,NaN,-100,-99.99999999999999,-0.5663807510922547
1408050000,95.017,96.335,94.293,94.786,0,NaN,-100.00000000000001,-100.00000000000001,-0.6080634029147988
1408395600,94.786,95.2265,93.465,94.322,0,NaN,-99.99999999999999,-99.99999999999999,-0.6611731133732225
1408568400,94.322,95.248,93.3245,94.1395,0,NaN,-87.69978369250977,-96.01013694842605,-0.6745265982728177
1408914000,94.1395,95.0245,93.7495,94.5115,0,NaN,-75.00194445866701,-82.5681335747037,-0.7154998282391405
1409086800,94.5115,95.3465,94.0105,95.2015,0,NaN,-47.237375796272296,-46.03405565844004,-0.6875625685909371
1409259600,95.2015,96.6055,95.1065,96.2975,0,NaN,-43.757395078337716,-37.042277403039805,-0.635298287836247
1409605200,96.2975,96.4005,93.1685,95.5735,0,NaN,-37.700148793066425,-36.44518280334634,-0.6162396763685754
1409778000,95.5735,95.8475,93.2835,93.8465,0,NaN,-69.35167084168384,-67.87110690554228,-0.6278693331789306
1410123600,93.8465,94.2765,92.1405,93.0855,0,NaN,-53.863137870217706,-76.90293106680406,-0.48530882460478697
1410296400,93.0855,93.7075,90.7095,93.4355,0,NaN,-10.397099825182712,-50.34605548571665,-0.1202017296375422
1410469200,93.4355,93.9245,90.918,92.9995,0,NaN,3.9653446517801463,-50.88416972968263,0.27219249371484894
1410814800,92.9995,95.2105,92.6135,93.9515,0,NaN,20.259142745542285,-34.7632081598658,0.35561052419352257
1410987600,93.9515,94.6405,92.1425,92.693,0,NaN,15.788201997017989,-40.825429461828534,0.47005876900256466
1411333200,92.693,92.9455,91.3015,92.6045,0,NaN,20.52508016433771,-49.12661418140819,0.5654267933521739
1411506000,92.6045,94.3605,91.9625,93.2745,0,NaN,30.865417598042825,-48.744266194104505,0.5989355482211546
1411678800,93.2745,95.3375,93.0275,95.1295,0,NaN,45.29021893344512,-50.04626884382103,0.5156455842814832
1412024400,95.1295,95.5795,91.0855,91.3565,0,NaN,29.626070452921056,-77.9821091374177,0.5637152903293751
1412197200,91.3565,92.3605,88.7605,90.249,0,NaN,46.95041493442859,-58.77956155924053,0.614754204075552
1412542800,90.249,91.19,88.88,88.928,0,NaN,0.38753297098348805,-63.78423277642885,0.6041610503829208
1412715600,88.928,89.044,84.433,84.807,0,NaN,-63.77593476801288,-100,0.5362840600575355
1412888400,84.807,86.607,83.923,85.125,0,NaN,-68.68529487295214,-100.00000000000004,0.5264190962625793
1413234000,85.125,85.816,80.1855,81.0695,0,NaN,-100.00000000000001,-100.00000000000001,0.41325390756432623
1413406800,81.0695,84.9685,79.9635,83.1255,0,NaN,-72.73177899516507,-64.22335470171909,0.3977171662156492
1413752400,83.1255,84.0125,81.5435,83.3515,0,NaN,-81.94474368084728,-57.83947223503502,0.37605866432011087
1413925200,83.3515,83.8695,80.746,82.667,0,NaN,-99.4899635095004,-72.78243802419044,0.3386990867746769
1414098000,82.667,82.672,80.025,81.249,0,NaN,-99.99999999999999,-91.72258534778787,0.23405206764105901
1414443600,81.249,83.428,80.938,82.509,0,NaN,-59.23789143317617,-49.053527495786895,0.13245776387541444
1414616400,82.509,82.621,80.039,81.124,0,NaN,-67.18858133626384,-61.77887492227153,-0.057005775395478075
1414965600,81.124,81.397,76.28,77.823,0,NaN,-68.69895987559529,-83.68675157912509,-0.3437721075726295
1415138400,77.823,79.712,76.821,78.199,0,NaN,-17.405347413553223,-58.44428085757312,-0.4715076225044006
1415311200,78.199,80.0925,77.3665,77.4385,0,NaN,-33.13340773289444,-64.01218256736284,-0.6233356219040326
1415656800,77.4385,78.2475,76.6515,77.1915,0,NaN,-6.314296994716521,-31.652864496420804,-0.6898326820139901
1415829600,77.1915,77.3645,73.4865,76.1935,0,NaN,-40.4786204945068,-67.77513268003818,-0.6846489830680237
1416175200,76.1935,76.6935,74.4005,74.4865,0,NaN,-51.08674187255082,-87.4520086623194,-0.6500127240828146
1416348000,74.4865,76.5265,74.1475,76.4835,0,NaN,-15.885206182535981,-53.85084766788982,-0.46778960465087777
1416520800,76.4835,78.0305,75.6865,75.8915,0,NaN,-0.22255720106883814,-53.0774974881092,-0.1786030443368255
1416866400,75.8915,76.7645,73.4795,73.6955,0,NaN,-31.286733065319922,-83.56884744114842,0.19417540499901126
1417039200,73.6955,73.7355,65.8885,66.2415,0,NaN,-100,-100.00000000000001,0.47777482808620825
1417384800,66.2415,69.6675,63.8595,67.7075,0,NaN,-53.558628231991065,-62.89825153140464,0.6149131235044746
1417557600,67.7075,68.3405,66.2175,66.8985,0,NaN,-72.32242843501172,-70.4672902041236,0.7244285900597476
1417730400,66.8985,67.0045,62.8555,63.1025,0,NaN,-96.0808634441272,-94.77997713781083,0.8164998831406205
1418076000,63.1025,64.2655,60.5115,61.1935,0,NaN,-100,-99.99999999999997,0.8400078587533462
1418248800,61.1935,61.7365,57.4025,57.5405,0,NaN,-99.99999999999999,-99.99999999999997,0.8525198927983775
1418594400,57.5405,58.7875,53.765,55.5855,0,NaN,-99.99999999999999,-100,0.8569409219080419
1418767200,55.5855,59.068,54.101,55.085,0,NaN,-100,-99.99999999999997,0.8809205400309541
1418940000,55.085,58.352,54.2485,55.17,0,NaN,-100.00000000000001,-98.99373129354811,0.8881064832555915
1419285600,55.17,57.386,54.9275,55.7185,0,NaN,-79.00401776161546,-88.13218596846829,0.8998312404155021
1419458400,55.7185,56.449,54.383,54.969,0,NaN,-26.641283437858092,-46.22543965408968,0.8986560770766326
1419804000,54.969,55.604,52.5855,53.7345,0,NaN,-61.99224656519141,-65.95614580510656,0.9035226790882063
1419976800,53.7345,53.8035,52.41,52.777,0,NaN,-73.46143418735942,-66.75570483462974,0.9018697717522397
1420063200,52.777,55.0095,51.9455,52.5485,0,NaN,-47.63202271038742,-41.20955796579257,0.8820831904843338
1420408800,52.5485,52.5975,47.489,47.961,0,NaN,-79.1040383941817,-74.95396358923557,0.8204645195996977
1420581600,47.961,49.5825,46.7775,48.9195,0,NaN,-33.42376255672961,-44.68349349287523,0.7343157255114766
1420754400,48.9195,49.5465,45.6365,45.67,0,NaN,-72.87412798568657,-61.079559542086116,0.42304333121439164
1421100000,45.67,48.695,44.1245,48.241,0,NaN,-38.79626405163475,-33.498280560954015,0.16092353366938625
1421272800,48.241,51.0165,45.7705,48.253,0,NaN,-42.96722068331266,-24.992690358278495,-0.1595177920098506
1421618400,48.253,48.586,45.808,46.081,0,NaN,-77.74973928037217,-49.86394529979549,-0.35877537451128805
1421791200,46.081,48.5325,45.3655,45.9515,0,NaN,-59.22489256400719,-46.14583444740826,-0.5463826750009843
1421964000,45.9515,47.2255,43.9115,44.6175,0,NaN,-45.120241487662355,-55.12217735199384,-0.6909511811531153
1422309600,44.6175,46.1265,43.6955,43.9825,0,NaN,-47.204554357312716,-58.2223878574181,-0.7852106053362388
1422482400,43.9825,47.9555,43.2175,47.3545,0,NaN,17.78517951571652,-13.371471361206986,-0.8250943547345062
1422828000,47.3545,53.8775,46.3285,51.2765,0,NaN,100,96.23141957650323,-0.8788950282971175
1423000800,51.2765,52.2295,47.096,50.3715,0,NaN,73.50115067491558,83.49635098322204,-0.9002091863706455
1423173600,50.3715,53.7425,50.3345,52.3735,0,NaN,100,100,-0.8890337069798109
1423519200,52.3735,52.4245,47.9815,49.304,0,NaN,41.90165676493347,37.16478678848562,-0.877423482145982
1423692000,49.304,53.3185,49.0725,52.4995,0,NaN,75.39231431723562,66.43816025117523,-0.8551611083524604
1424037600,52.4995,53.9775,50.7605,53.0815,0,NaN,100,100,-0.8100859418487835
1424210400,53.0815,53.3065,49.0245,51.2475,0,NaN,72.71648579479135,86.0834072281389,-0.7621680766444094
1424383200,51.2475,51.6595,48.0125,48.7625,0,NaN,52.02645678705755,80.40601890579549,-0.7251548517056048
1424728800,48.7625,50.6325,47.8645,50.3885,0,NaN,80.74037453808351,100,-0.6709943140244852
1424901600,50.3885,50.5455,47.2365,48.8495,0,NaN,17.1583210408034,41.9216304271702,-0.6269214180043745
1425247200,48.8495,50.5295,48.2255,50.0915,0,NaN,-7.044835086478866,17.55729407895745,-0.7417848566091616
1425420000,50.0915,51.9645,49.1675,50.553,0,NaN,3.610417456673229,21.420908030361325,-0.8250072777644236
1425592800,50.553,50.8875,48.752,49.8205,0,NaN,-15.266000847334407,-10.975449635547989,-0.8710043433526008
1425934800,49.8205,50.0675,47.3985,48.475,0,NaN,0.7610715878867822,3.3206197689813415,-0.8441341122999567
1426107600,48.475,48.9005,45.3535,45.6495,0,NaN,-55.35005892323183,-50.28988537105461,-0.799293163444343
1426453200,45.6495,45.6985,43.1375,43.267,0,NaN,-76.43370502831013,-80.19907651273691,-0.6627171284518961
1426626000,43.267,46.0535,42.7075,44.2595,0,NaN,-54.56924205978709,-52.699926639408915,-0.5681979919250139
1426798800,44.2595,46.3935,43.5465,46.142,0,NaN,-16.40523072412503,-11.225340574834924,-0.5353774647058696
1427144400,46.142,48.2675,45.4935,47.8305,0,NaN,-21.80822567611561,-5.148891527835453,-0.4410323974555388
1427317200,47.8305,51.2465,47.1495,47.3905,0,NaN,-10.367349840971642,7.276827371290821,-0.44082356079777746
1427662800,47.3905,48.1835,46.3945,46.7425,0,NaN,-19.513602449558803,-11.526154387000346,-0.29193471012250566
1427835600,46.7425,49.5555,46.2015,48.5865,0,NaN,-0.09517497454637436,2.8235800677542287,-0.19666678183420822
1428008400,48.5865,51.5355,48.5155,51.2335,0,NaN,22.789077117018675,41.7766875324609,-0.29476595203359596
1428354000,51.2335,53.4475,49.7885,50.3985,0,NaN,23.12990868896939,58.28084891090457,-0.31878585946723115
1428526800,50.3985,51.5025,49.5815,51.1335,0,NaN,63.06543712157961,93.67000291770199,-0.31995791805044405
1428872400,51.1335,53.1295,51.076,52.8875,0,NaN,100,100,-0.43081527482428533
1429045200,52.8875,56.6005,52.691,55.759,0,NaN,100,100,-0.5675036220856448
1429218000,55.759,56.6545,54.511,55.949,0,NaN,77.9177116797854,85.13319411745141,-0.6681524087203324
1429563600,55.949,56.155,53.954,54.4525,0,NaN,55.72761293013251,53.16173018564579,-0.74257892746989
1429736400,54.4525,56.6375,54.0575,55.6365,0,NaN,64.04531212938413,67.21168645465819,-0.7626939053860882
1430082000,55.6365,56.3825,54.656,55.5835,0,NaN,57.44047128074615,78.61813489741583,-0.7396196175992179
1430254800,55.5835,58.5025,55.1865,58.4715,0,NaN,50.46604851118957,87.77806802977098,-0.7427020104208096
1430427600,58.4715,58.6225,57.0575,57.9575,0,NaN,35.18662386732599,66.78619060686383,-0.7673731900847959
1430773200,57.9575,61.5685,57.6235,59.7155,0,NaN,49.68291309704199,78.02102992750682,-0.7212824666032155
1430946000,59.7155,60.3845,57.3445,58.6045,0,NaN,38.60645902429046,73.3006682804303,-0.684072756162671
1431291600,58.6045,60.6955,58.182,60.6645,0,NaN,33.18451077166281,76.00416633551784,-0.626220592790523
1431464400,60.6645,61.2015,58.9505,59.2765,0,NaN,-7.211874172800153,43.906002590453916,-0.5201722046800854
1431637200,59.2765,60.3795,57.9555,59.1665,0,NaN,-1.1518573653969266,41.1538455046027,-0.3092440238837162
1431982800,59.1665,59.1665,56.7375,57.5995,0,NaN,1.933302051651566,40.28399992413434,-0.1526391967360457
1432155600,57.5995,59.7445,57.5345,58.7565,0,NaN,6.460314266598051,35.00682272461816,0.0919056922436068
1432501200,58.7565,59.208,56.7675,57.4175,0,NaN,9.481113334560472,20.618251511032383,0.25383601848905857
1432674000,57.4175,57.9975,55.6445,57.1135,0,NaN,-0.6608397008610432,-8.43163593101326,0.2089810770639497
1432846800,57.1135,59.8535,56.8735,59.5045,0,NaN,12.064349756019368,5.8689965723771,0.056222542253113905
1433192400,59.5045,60.8215,58.6555,58.8905,0,NaN,-7.443224377290188,-1.4354185123796652,0.24461699570979323
1433365200,58.8905,59.2705,56.2465,58.3435,0,NaN,2.4116028025036265,-1.9963665037267084,0.4354469413020351
1433710800,58.3435,60.1745,57.3665,60.0685,0,NaN,-3.079237896834255,-0.5584987239249992,0.3286442014238279
1433883600,60.0685,61.3585,59.8195,60.1575,0,NaN,13.562353880074479,10.056329226256585,0.25359627621198993
1434056400,60.1575,60.2355,58.4705,59.3535,0,NaN,7.31759999550826,0.21535700104902933,0.15612022977427356
1434402000,59.3535,61.0915,58.6565,59.5295,0,NaN,14.090540012548427,14.317134110218728,-0.04587607154535373
1434574800,59.5295,60.6205,58.5995,59.1195,0,NaN,0.601558377126155,12.718639646769489,-0.14526140159980142
1434920400,59.1195,60.8865,58.6875,60.5055,0,NaN,13.873767964842404,31.283748156910427,-0.03026890995099619
1435093200,60.5055,60.9945,58.8965,59.1315,0,NaN,1.2887395388389304,25.9968910875141,-0.04247285406994431
1435266000,59.1315,59.4535,57.5995,57.7805,0,NaN,-26.212357292257295,-0.19499045137246718,-0.07470028650655641
1435611600,57.7805,59.2575,56.2985,56.4615,0,NaN,-19.24137213808426,-8.821469415627842,-0.16316038206901812
1435784400,56.4615,57.5665,55.0725,55.1575,0,NaN,-32.87021524417442,-17.60051387093848,0.08469972828550569
1436130000,55.1575,55.1575,50.3325,52.6805,0,NaN,-50.1109808234147,-43.40954597120466,0.2336680852796472
1436302800,52.6805,53.3205,50.6865,52.4305,0,NaN,-44.61101350286097,-50.90480273020172,0.3156366293718933
1436475600,52.4305,53.6285,51.1175,51.9155,0,NaN,-45.56917696952699,-47.45507423720515,0.41505362258085526
1436821200,51.9155,53.3545,50.7655,51.4245,0,NaN,-51.382667596888126,-52.3143085853742,0.3846473137461255
1436994000,51.4245,51.989,50.0005,50.6205,0,NaN,-51.301392777598984,-60.14178241342084,0.266715991752222
1437339600,50.6205,51.1005,49.6395,50.2215,0,NaN,-62.56856492697747,-71.35068820781659,0.11648089822725191
1437512400,50.2215,50.2495,47.8085,48.4555,0,NaN,-66.21775282368247,-69.4327129304259,0.010643984787167937
1437685200,48.4555,48.636,46.588,46.653,0,NaN,-68.43458940428323,-72.22310625015811,0.10294675194420239
1438030800,46.653,49.193,46.3715,48.568,0,NaN,-51.8823881253982,-50.37559963329933,0.09433454893705699
1438203600,48.568,49.0505,46.432,46.526,0,NaN,-56.669529007572336,-55.903304681067894,0.050690301210792515
1438549200,46.526,46.692,44.8625,45.7495,0,NaN,-53.15199019218278,-48.10650993661753,-0.1721972527709155
1438722000,45.7495,46.486,44.017,44.644,0,NaN,-68.79181488331511,-53.71206624402136,-0.26863416605212626
1438894800,44.644,44.9705,43.2265,44.6665,0,NaN,-67.68091908398299,-51.06695387071729,-0.3783751475691026
1439240400,44.6665,45.206,42.581,43.313,0,NaN,-67.9303815025773,-54.20096817790894,-0.3483504696971208
1439413200,43.313,43.618,41.3795,41.9865,0,NaN,-79.83623328770418,-54.35409993032824,-0.4344552643586476
1439758800,41.9865,42.688,41.28,42.122,0,NaN,-78.67454460737292,-49.31088082211409,-0.4614710172600351
1439931600,42.122,42.514,39.898,40.333,0,NaN,-80.53723947387947,-55.60938170321282,-0.49626589607337895
1440104400,40.333,40.792,37.26,37.593,0,NaN,-94.66549622233796,-62.179235504844954,-0.37491833406095915
1440450000,37.593,39.3725,37.589,38.45,0,NaN,-88.24263463101197,-59.588956850575315,-0.3656114335356379
1440622800,38.45,45.3725,38.418,44.7335,0,NaN,-20.081833436886544,-2.0423036786471958,-0.26705134696712796
1440968400,44.7335,48.8295,43.1655,43.8515,0,NaN,-19.691125714739428,-5.602086737075327,-0.11433821167475608
1441141200,43.8515,47.993,42.8225,46.234,0,NaN,22.281604193498154,27.461266163691953,-0.06820075158187944
1441314000,46.234,46.8225,43.933,43.953,0,NaN,9.92687477760617,4.513051841846856,0.03904646561029529
1441659600,43.953,46.1055,43.795,43.855,0,NaN,10.032481029280493,14.07663067685898,0.05121240253599959
1441832400,43.855,45.792,43.119,44.5445,0,NaN,32.55021142592438,30.534954036303997,0.012995031463119248
1442178000,44.5445,44.961,43.4265,44.811,0,NaN,32.419244662096865,33.384895662277074,-0.07066981285055482
1442350800,44.811,47.3925,44.552,46.506,0,NaN,60.98433534330226,67.5189055809117,-0.14512127800303518
1442523600,46.506,46.6885,44.0025,46.1495,0,NaN,97.50412776916806,93.10882411313695,-0.15296483824494556
1442869200,46.1495,46.6135,43.9005,44.1075,0,NaN,62.04696516275885,47.38770035226335,-0.14156803980557278
1443042000,44.1075,45.8585,43.2315,44.8895,0,NaN,-1.4170162541758025,-0.9200980111534207,-0.1998005052669209
1443387600,44.8895,45.2965,43.8935,44.4475,0,NaN,2.57017076452639,2.638551049120876,-0.3306473478111332
1443560400,44.4475,46.7025,44.2795,44.7025,0,NaN,-26.095425257237707,-20.098799052235965,-0.3972397400182996
1443733200,44.7025,46.6145,43.6445,45.9555,0,NaN,-2.2906524120399343,17.498769215718557,-0.503524817497684
1444078800,45.9555,49.4225,45.4575,47.8845,0,NaN,16.3477454959968,35.8341150879906,-0.4832205235188189
1444251600,47.8845,50.6795,47.5215,49.283,0,NaN,16.829664149672833,39.997741333542855,-0.33063547563401835
1444597200,49.283,49.954,46.314,46.47,0,NaN,-6.787862429130277,13.361604723949728,-0.2635389864745621
1444770000,46.47,46.9045,45.1915,46.7795,0,NaN,-15.716534620913492,5.44953109832888,-0.09615315739638149
1444942800,46.7795,47.3485,45.6965,46.0275,0,NaN,-22.079854004145005,-2.8366537959350744,0.15193854592666356
1445288400,46.0275,46.3925,44.3725,44.7445,0,NaN,-21.23707640620252,8.322389267562311,0.456555544372798
1445461200,44.7445,45.6055,43.7505,44.2875,0,NaN,-31.26788132708269,-10.102458559489332,0.40815055803141237
1445806800,44.2875,44.5195,42.2115,43.0285,0,NaN,-40.47479389473861,-19.348853017177266,0.17879800953761038
1445979600,43.0285,46.3865,42.7035,45.3915,0,NaN,-10.184158804442145,-2.9209378363213006,0.2415858149440838
1446152400,45.3915,46.6695,45.1335,45.7815,0,NaN,-18.108660277517835,-9.3111714082999,0.14076630761382497
1446501600,45.7815,48.0545,45.6745,46.2865,0,NaN,-24.552450942215444,-23.617424761211076,0.05662775933176224
1446674400,46.2865,46.3795,43.887,44.321,0,NaN,-39.846094986634604,-54.379029066595045,0.0798481619083321
1447020000,44.321,44.9225,43.4115,43.5085,0,NaN,-26.126305241403962,-46.066764795611675,0.16943907245251408
1447192800,43.5085,43.9555,41.5355,41.6085,0,NaN,-48.4582361266834,-68.97024607519832,0.014761539507828053
1447365600,41.6085,42.2065,40.063,41.908,0,NaN,-42.595381438639414,-57.77986291070343,-0.07388941359072793
1447711200,41.908,41.944,40.1975,40.8955,0,NaN,-43.26996248593655,-57.40999755495189,-0.16490748471135974
1447884000,40.8955,41.6945,40.1945,40.4445,0,NaN,-52.79633967245318,-48.667634983812135,-0.38491527176760226
1448229600,40.4445,42.5055,39.4965,41.7235,0,NaN,-30.016198708323895,-27.411529615952013,-0.4649949529653427
1448402400,41.7235,42.3995,40.8455,41.6255,0,NaN,-59.48433099716901,-44.54480802289328,-0.5225213770818725
1448575200,41.6255,41.8865,40.7835,40.9725,0,NaN,-62.5539778590927,-56.890019151191844,-0.5668899514197786
1448920800,40.9725,41.5345,39.2245,39.5105,0,NaN,-87.99652402168131,-74.06814779416415,-0.6372144859382948
1449093600,39.5105,41.3975,39.0425,39.5745,0,NaN,-78.80144644121242,-54.358019426809946,-0.7772091879454287
1449439200,39.5745,39.6405,36.2275,37.4355,0,NaN,-88.8435006688374,-56.42522854880977,-0.8305381904260654
1449612000,37.4355,38.5835,36.0475,36.2115,0,NaN,-74.98818022045684,-52.82592677716917,-0.8818796185924421
1449784800,36.2115,36.5045,34.3095,35.906,0,NaN,-79.24466421617605,-56.12689333630039,-0.9117588274423877
1450130400,35.906,37.4555,35.0315,35.4455,0,NaN,-74.95909591270178,-48.29029956589189,-0.9295358145751021
1450303200,35.4455,35.5555,34.2875,34.457,0,NaN,-67.90014767713285,-57.81693081936885,-0.9446753456124751
1450648800,34.457,35.275,34.0875,35.181,0,NaN,-75.95854721911837,-72.63218117403119,-0.951051412539565
1450821600,35.181,37.0425,35.0425,36.8765,0,NaN,-60.67028841751329,-52.39604062592646,-0.9387125614657434
1450994400,36.8765,36.9915,35.6105,35.6305,0,NaN,-72.69596417971027,-58.28641991115493,-0.9373797180540746
1451340000,35.6305,36.9375,35.4735,35.8825,0,NaN,-49.40793509919952,-40.72843814930265,-0.9453452119275175
1451512800,35.8825,36.8705,35.3455,36.6405,0,NaN,-40.34191140635659,-33.907988485376165,-0.9333922330034347
1451599200,36.6405,37.6385,35.6335,36.1825,0,NaN,-21.427247012952932,-25.81397139406574,-0.9222502292171325
1451944800,36.1825,36.3955,33.2045,33.4855,0,NaN,-35.25323077164472,-46.524326285356246,-0.8848193000970089
1452117600,33.4855,33.7995,31.5825,32.4055,0,NaN,-43.52911002079826,-53.205404719293234,-0.7785023127344319
1452463200,32.4055,32.8325,29.6435,30.2685,0,NaN,-64.13288707052394,-77.65874647615138,-0.7028793934451008
1452636000,30.2685,31.5265,29.8425,30.9475,0,NaN,-50.571731828067975,-58.48723895199532,-0.6771823531545981
1452808800,30.9475,30.9515,28.269,28.892,0,NaN,-78.98546396120095,-87.82823135138617,-0.5867359321334996
1453154400,28.892,30.2365,26.6145,27.366,0,NaN,-100,-100.00000000000001,-0.46504802733862305
1453327200,27.366,31.3095,26.9325,31.2065,0,NaN,-46.111980160322716,-48.54983113121751,-0.2582711487900635
1453672800,31.2065,31.7685,28.4235,29.6235,0,NaN,-64.75785589929066,-69.95155355343164,-0.027643456609343323
1453845600,29.6235,33.905,29.3205,32.837,0,NaN,-38.837811273284075,-41.08822488043509,0.17703246110304396
1454018400,32.837,33.539,30.6005,30.6465,0,NaN,-68.23213251368128,-55.017501078911714,0.417353370652879
1454364000,30.6465,32.1005,28.8005,32.0935,0,NaN,-26.9325379087807,-9.752248333575793,0.49068480050134633
1454536800,32.0935,32.9575,30.0895,30.4485,0,NaN,-48.99769424597842,-15.031115831554875,0.5601794788837812
1454882400,30.4485,30.9035,27.3595,27.9195,0,NaN,-48.988446891471675,-18.810987269702842,0.6443438114056731
1455055200,27.9195,28.8325,25.7545,26.8915,0,NaN,-72.70057830546064,-35.33680063378695,0.6411891468861459
1455228000,26.8915,29.9105,26.6585,29.5445,0,NaN,-6.766269441737261,27.703071877806316,0.6310329115059585
1455573600,29.5445,31.312,28.5175,31.291,0,NaN,34.994904658314574,70.37775944324802,0.5688870379513264
1455746400,31.291,31.869,29.271,29.892,0,NaN,-37.41954119137394,-2.9848971504477912,0.5225512028883094
1456092000,29.892,31.798,29.423,29.584,0,NaN,-25.660041257408757,13.363107726239473,0.4056656717038151
1456264800,29.584,31.68,28.834,31.283,0,NaN,-42.78789205219788,-6.019987649885284,0.15895459645885465
1456437600,31.283,32.871,30.8175,32.3585,0,NaN,9.643624500330322,28.755782929090728,-0.2311658617161547
1456783200,32.3585,33.6675,31.9005,33.29,0,NaN,-9.164568022355882,22.563312360411537,-0.3948714286105656
1456956000,33.29,34.9735,32.8225,34.9355,0,NaN,39.67900455926636,62.334906738834995,-0.3024460831807852
1457301600,34.9355,37.2455,34.9355,35.255,0,NaN,79.8222534963133,100,-0.14913652322158563
1457474400,35.255,37.4795,35.1895,37.0485,0,NaN,100,100,-0.042020942982337384
1457647200,37.0485,38.0925,36.0415,36.7865,0,NaN,49.371415956160035,59.620193404552026,0.12802642213368803
1457989200,36.7865,38.1205,35.4175,38.0725,0,NaN,41.232098146273245,53.41602386546157,0.30078442680567524
1458162000,38.0725,40.8265,37.9945,38.9865,0,NaN,68.81302691281999,87.52505124279041,0.2907663413941698
1458507600,38.9865,40.0725,38.4885,39.4545,0,NaN,82.66304560054402,96.47924237418204,0.3612411723864964
1458680400,39.4545,39.5455,36.7845,37.994,0,NaN,44.68816496250392,56.54018267621113,0.4224349403994281
1458853200,37.994,38.7315,37.5215,37.9495,0,NaN,22.649464736067806,45.51387909760244,0.4832386075535128
1459198800,37.9495,38.5835,36.6615,37.1055,0,NaN,3.218340290143349,28.065151173851454,0.5033568982808398
1459371600,37.1055,37.8565,35.5915,35.6295,0,NaN,-25.410978932605396,-0.7733439383467644,0.49351430423722326
1459717200,35.6295,36.3045,34.4275,35.6985,0,NaN,-19.926656010400393,-4.0084229324384495,0.4477536396165418
1459890000,35.6985,37.4935,35.6215,36.7915,0,NaN,-25.500187316735886,-9.904780736645645,0.512848674994038
1460062800,36.7915,40.1765,36.7315,39.8095,0,NaN,3.379098444738858,15.599670686444693,0.4036082096044976
1460408400,39.8095,41.9525,39.5745,41.1245,0,NaN,1.5205250680503397,18.189842777566156,0.24667220716946753
1460581200,41.1245,41.7525,39.6685,40.1225,0,NaN,-16.8793341457547,-6.710833056870269,0.21001148933650038
1460926800,40.1225,41.3085,37.452,40.899,0,NaN,-18.145938299595105,-2.429606792790187,0.31833115685756824
1461099600,40.899,42.96,39.8145,41.9505,0,NaN,5.6896923025655255,23.81457750183906,0.14786312142989985
1461272400,41.9505,42.9725,41.335,41.7065,0,NaN,6.6773959900514335,20.133866635126488,-0.3619956498373173
1461618000,41.7065,44.371,41.2775,44.0705,0,NaN,52.11906348975407,47.092381252664715,-0.7594378493252264
1461790800,44.0705,45.6025,43.7495,44.8875,0,NaN,77.85226164724932,67.81985900157353,-0.8476744152353997
1462136400,44.8875,45.1475,42.4495,43.0145,0,NaN,56.393501078483965,54.059926790500555,-0.8438260753169957
1462309200,43.0145,45.2305,42.4005,43.6895,0,NaN,49.75582568282266,49.03466845203869,-0.8575855398249698
1462482000,43.6895,45.2865,42.6715,42.6935,0,NaN,19.053219182789533,9.30500577727005,-0.8384375174298626
1462827600,42.6935,45.8545,42.4825,45.5165,0,NaN,31.1776709430591,17.231872405033506,-0.8619874273110909
1463000400,45.5165,46.5585,45.1605,46.0015,0,NaN,53.76541317809534,33.49358145350949,-0.8814825785743221
1463346000,46.0015,48.5795,45.8725,48.4235,0,NaN,69.6571411684278,42.57067173485366,-0.8923522180334234
1463518800,48.4235,48.7945,46.5595,48.0355,0,NaN,56.7818902174032,28.020047868077995,-0.8949140701147053
1463691600,48.0355,48.5625,46.7815,47.4785,0,NaN,52.659301472736956,25.536219222552994,-0.8928304166540743
1464037200,47.4785,49.1495,47.0345,49.1095,0,NaN,39.02884678369201,18.921552772966848,-0.8957343141848186
1464210000,49.1095,49.6115,48.1415,49.0265,0,NaN,31.863009718233506,9.966391704379621,-0.8894942561677484
1464555600,49.0265,49.6265,48.3535,48.3975,0,NaN,38.735039863974144,15.343626902285777,-0.8806553763480056
1464728400,48.3975,49.0405,47.3195,48.6245,0,NaN,30.210216733831913,11.225887969041697,-0.8727049289688309
1464901200,48.6245,49.5525,47.9315,49.3925,0,NaN,33.99995311536953,32.86229118771136,-0.8604546991282059
1465246800,49.3925,51.3125,49.1175,51.2145,0,NaN,20.643787010294908,24.665123598916963,-0.8118203234146196
1465419600,51.2145,51.3655,48.5615,48.6545,0,NaN,-9.19742433808367,1.8340440772057782,-0.777665677727713
1465765200,48.6545,49.0915,47.7405,47.7805,0,NaN,-28.58140542914129,-19.37506369345625,-0.7326313905189117
1465938000,47.7805,48.5775,45.8095,45.9105,0,NaN,-46.404736954965486,-30.211752266033987,-0.7008548319948189
1466110800,45.9105,49.3395,45.7325,49.1565,0,NaN,-16.07594677572457,-1.2062930116337895,-0.5315461340915679
1466456400,49.1565,49.9085,47.8115,48.3975,0,NaN,-39.70790089015024,-16.54732375903999,-0.3544339280867699
1466629200,48.3975,49.8455,46.1715,47.0235,0,NaN,-55.964045447787086,-22.87094411073452,-0.27274048719292043
1466974800,47.0235,47.6975,45.3725,47.6365,0,NaN,-33.22223711657165,-24.3650348286687,-0.2481622774148747
1467147600,47.6365,49.5345,47.5275,47.9405,0,NaN,-34.9567233666133,-21.490123158330448,-0.1387064776432644
1467320400,47.9405,48.9915,47.4955,48.4135,0,NaN,-33.643120378127634,-27.72730272188585,-0.18417496197003758
1467666000,48.4135,48.4135,45.6415,47.6145,0,NaN,-49.50526006704414,-44.402877614874924,-0.2702868725273741
1467838800,47.6145,47.9745,44.5325,44.9185,0,NaN,-54.93501915895455,-47.3919119057286,-0.6207295689299581
1468184400,44.9185,46.7585,44.2495,46.4615,0,NaN,-44.40038221117849,-31.247634703669824,-0.6513097669047658
1468357200,46.4615,46.5365,44.4265,45.3755,0,NaN,-37.3632892321241,-25.813267898826705,-0.7068828430389335
1468530000,45.3755,46.1895,44.7725,45.1635,0,NaN,-61.69594160597813,-48.0105179112316,-0.7530088137151361
1468875600,45.1635,45.6195,43.8485,44.9775,0,NaN,-48.05717986873268,-46.94738265122609,-0.7502720251378651
1469048400,44.9775,45.3705,43.0975,43.5855,0,NaN,-42.26849110018904,-51.58369976333377,-0.7445497810880828
1469394000,43.5855,43.7565,41.8135,42.1285,0,NaN,-73.01831621055595,-55.64186096756198,-0.7677389726132048
1469566800,42.1285,42.6545,40.5425,40.6155,0,NaN,-81.34605161781198,-68.97268808295767,-0.7595407863757525
1469739600,40.6155,41.4455,39.4235,39.6635,0,NaN,-92.54021084577626,-76.84450632497854,-0.7473204245102945
1470085200,39.6635,40.8215,38.8495,40.7845,0,NaN,-77.75388308652765,-61.63634508443069,-0.7357078349090347
1470258000,40.7845,41.7465,40.0795,41.6465,0,NaN,-51.446664477524706,-37.448106749926765,-0.7500763863584552
1470603600,41.6465,43.2385,41.5205,42.4915,0,NaN,-54.765712625486074,-42.700564102202215,-0.7533155939619659
1470776400,42.4915,43.6205,40.8785,43.2095,0,NaN,-42.624164697273116,-30.264306607530727,-0.7833605379167147
1470949200,43.2095,45.7705,43.0895,45.5195,0,NaN,-23.02148241402077,-12.771212760075995,-0.7286993037801993
1471294800,45.5195,46.8665,45.2015,46.8025,0,NaN,-15.472106307426374,-0.08160808625747151,-0.6858148604733744
1471467600,46.8025,48.5885,46.5145,48.2975,0,NaN,10.56454146901427,26.33798351244093,-0.6550871369130417
1471813200,48.2975,48.2975,45.9605,46.9715,0,NaN,14.963142866026509,30.02196182813624,-0.6229829415357687
1471986000,46.9715,47.0925,45.8325,46.7725,0,NaN,28.745029333899353,40.55048824440677,-0.5788013969295156
1472158800,46.7725,47.8635,46.1225,46.4575,0,NaN,41.0637624739891,44.6981265159433,-0.5108603499961611
1472504400,46.4575,46.9945,44.0715,44.3935,0,NaN,14.277546258348607,12.473489927602227,-0.45330270872943434
1472677200,44.3935,44.6475,42.6075,43.8325,0,NaN,0.6658945493381623,-0.8897939708147717,-0.44176411174175106
1473022800,43.8325,46.1855,43.5405,44.5825,0,NaN,1.4186116287304706,0.7451231211551459,-0.5000357383150131
1473195600,44.5825,47.4645,44.2565,47.0295,0,NaN,12.662743125710278,16.047464482785045,-0.4662657390228211
1473368400,47.0295,47.0805,44.5425,45.8765,0,NaN,-12.477730394383613,-11.787585738131469,-0.46148323487683074
1473714000,45.8765,45.9485,43.2965,43.5455,0,NaN,-37.733724643456235,-38.04684641272189,-0.46009823163810726
1473886800,43.5455,44.2235,42.6675,43.0995,0,NaN,-56.216697248833306,-51.9857917508532,-0.499679853001973
1474232400,43.0995,44.0495,42.4615,43.8155,0,NaN,-41.85951138571386,-41.73029217793695,-0.5031495835868939
1474405200,43.8155,45.9105,43.8155,45.5055,0,NaN,-30.09640700990333,-28.3279796444604,-0.5279675303130476
1474578000,45.5055,45.9565,43.6605,45.1005,0,NaN,-33.557842426473854,-27.60025006527809,-0.5167606338256258
1474923600,45.1005,46.9545,43.7095,46.6545,0,NaN,-9.320252454403809,0.6183119673331277,-0.4500827165313776
1475096400,46.6545,47.8445,46.1405,47.5995,0,NaN,7.231267183506798,12.832485719137335,-0.22009218318208196
1475442000,47.5995,48.8885,47.3885,48.8395,0,NaN,9.292748646875669,14.741657644476344,0.07846030324546602
1475614800,48.8395,50.2955,48.7415,50.2665,0,NaN,7.023073440430871,1.9074373396792197,0.2791702505460626
1475787600,50.2665,51.3485,48.9015,50.9475,0,NaN,18.613469921895103,14.710417503004706,0.35433257804917895
1476133200,50.9475,51.3065,49.7025,49.8615,0,NaN,28.37736947940062,23.132788334110636,0.42904793822325243
1476306000,49.8615,50.9905,49.1985,50.1745,0,NaN,36.89798658751337,28.592690563376344,0.5306415858994954
1476651600,50.1745,50.5995,49.3995,50.5775,0,NaN,31.55452072347922,26.121443280941364,0.5968150351538871
1476824400,50.5775,51.7315,49.9845,50.1545,0,NaN,10.702176709810331,8.881592395246457,0.6562153329043731
1476997200,50.1545,50.5695,49.2255,50.0765,0,NaN,19.95410852628656,8.276272563311931,0.700906922279724
1477342800,50.0765,50.5265,48.5075,48.8735,0,NaN,-6.991847205328543,-26.47000479465381,0.6425628737525619
1477515600,48.8735,49.6935,48.0795,48.3295,0,NaN,-17.44764361654626,-38.258874242754345,0.5827232071650694
1477861200,48.3295,48.4315,45.9335,46.1155,0,NaN,-44.00074745926223,-61.451989851983036,0.4196037448236397
1478034000,46.1155,46.1975,44.1295,44.4075,0,NaN,-72.55448057954828,-77.67450687524776,0.23207147429001104
1478206800,44.4075,44.8185,43.3545,44.7685,0,NaN,-77.67465432361543,-76.22767495544403,0.05808542175697537
1478556000,44.7685,45.7775,42.9185,45.1895,0,NaN,-72.87154859673717,-65.3699877482522,-0.15842428300661698
1478728800,45.1895,45.4735,42.9115,42.9965,0,NaN,-82.83894060927051,-87.0848937496659,-0.4254425748286693
1479074400,42.9965,45.9955,42.1095,45.6895,0,NaN,-59.112900113746306,-73.92829105964053,-0.5993320499770749
1479247200,45.6895,46.4535,44.8415,44.8815,0,NaN,-54.89502396917153,-77.94749751096822,-0.6177050444857973
1479420000,44.8815,47.9105,44.5555,47.7285,0,NaN,-31.105310303731525,-57.10325780903642,-0.5755169463813481
1479765600,47.7285,48.6035,46.6135,47.4085,0,NaN,-25.338220193129427,-50.339095266550295,-0.5577089514403076
1479938400,47.4085,47.7175,45.3975,45.4945,0,NaN,-40.66372802410888,-59.98704918469117,-0.5315937167313766
1480284000,45.4945,47.1975,44.4305,44.8555,0,NaN,-31.07792194458532,-52.04664245115976,-0.47809027595353454
1480456800,44.8555,51.3745,44.8445,50.5035,0,NaN,38.53640830095593,5.000206945099215,-0.5149281584887944
1480629600,50.5035,52.0675,49.7935,50.6765,0,NaN,34.31331057662322,1.4202122156158765,-0.545977623687096
1480975200,50.6765,51.2785,49.4445,49.5555,0,NaN,24.56312367548393,-4.732665087210183,-0.5639794397106389
1481148000,49.5555,51.4085,49.3475,51.2475,0,NaN,55.27895984006204,32.3161655454486,-0.6122378594406603
1481493600,51.2475,54.2925,51.2475,52.3185,0,NaN,31.725765000483527,15.492943361203459,-0.671516600328588
1481666400,52.3185,52.6335,49.8305,50.886,0,NaN,43.96217184078097,16.709055610210832,-0.7220620854941541
1481839200,50.886,52.4345,50.3665,51.995,0,NaN,24.719678564145,-3.6492857632051354,-0.7891230198605862
1482184800,51.995,52.7065,51.2895,51.5005,0,NaN,26.917153093894996,-5.8339094201544945,-0.8561550245369262
1482357600,51.5005,52.2905,51.0805,52.261,0,NaN,59.17610020457549,17.41202207439857,-0.8942211000519227
1482703200,52.261,53.2375,52.1685,53.0225,0,NaN,81.65060224266698,57.29421667641877,-0.9064846849064646
1482876000,53.0225,53.5375,52.6575,53.0625,0,NaN,19.583598633779438,-3.967307089159922,-0.9065985666400251
1483048800,53.0625,53.3185,52.6655,53.1495,0,NaN,20.623658521224087,-4.298236711022124,-0.9230343258987049
1483308000,53.1495,54.598,51.542,51.8895,0,NaN,19.77405445361437,-4.5235593117635275,-0.9296540156925166
1483480800,51.8895,53.57,51.594,53.2405,0,NaN,12.125680963970314,-9.634090233457385,-0.9138326550692284
1483653600,53.2405,53.802,51.388,51.3985,0,NaN,-12.262963428996741,-26.28726361356898,-0.9085471771778737
1483999200,51.3985,52.456,50.38,52.0555,0,NaN,-6.001466091531585,-9.88110076767257,-0.8945346494391692
1484172000,52.0555,53.2,51.82,52.2995,0,NaN,-28.40288913050076,-6.209787182692105,-0.886522482758875
1484517600,52.2995,53.398,51.962,52.4355,0,NaN,-27.881190129418037,-0.3233321115225767,-0.846368311872505
1484690400,52.4355,52.71,50.872,51.3345,0,NaN,-47.76894704269671,-12.201431071617225,-0.6652447766937253
1484863200,51.3345,52.828,51.312,52.0955,0,NaN,-48.8141774976454,-15.621074667465408,-0.43262625699404195
1485208800,52.0955,52.824,51.866,52.2795,0,NaN,-45.765002654246885,-9.023554331074969,-0.38992925607468704
1485381600,52.2795,53.404,51.942,52.5335,0,NaN,-42.004393739798346,-7.086116316469022,-0.299811188654103
1485727200,52.5335,53.012,51.698,52.2475,0,NaN,-36.03283380936684,-5.654024049120137,-0.232436775964088
1485900000,52.2475,53.822,52.114,53.1725,0,NaN,-37.99585518949873,7.37386528005614,-0.11664603212796759
1486072800,53.1725,53.734,52.5255,52.7005,0,NaN,-22.981196731563305,21.3920330048651,-0.054759588988086576
1486418400,52.7005,52.85,50.878,52.0615,0,NaN,-28.764010036486894,10.936227086449062,-0.11449204483059688
1486591200,52.0615,53.83,52.048,53.5345,0,NaN,-12.84779437700114,17.941005329162554,0.001381736220493131
1486936800,53.5345,53.71,52.554,52.8445,0,NaN,-14.272709458675001,7.0253478241301535,-0.05320551046000777
1487109600,52.8445,53.446,52.526,53.2355,0,NaN,-3.9174016805707854,14.652663937813177,0.002387973738900879
1487282400,53.2355,53.6925,52.702,53.4515,0,NaN,-3.3316982773536994,17.35569966117492,0.1348490789729667
1487628000,53.4515,54.496,52.878,53.4015,0,NaN,-5.844588762504921,5.0209929576430685,0.27561203063024337
1487800800,53.4015,54.446,53.294,53.5445,0,NaN,-9.37937046380571,4.847457917229283,0.42685804878590655
1488146400,53.5445,54.196,52.802,53.6005,0,NaN,-1.8705194954562794,10.517584912647997,0.4434454805672921
1488319200,53.6005,54.06,52.216,52.2365,0,NaN,-17.464090081040762,-20.920169843394607,0.5449482560262572
1488492000,52.2365,53.28,52.23,52.9115,0,NaN,-1.7790237782996199,-6.920996523783539,0.4250689338675681
1488837600,52.9115,53.534,49.832,49.9735,0,NaN,-24.58233665397079,-30.697158539140933,0.046590060974979995
1489010400,49.9735,50.618,48.132,48.2115,0,NaN,-45.266815589617046,-59.8476859295432,-0.1985811980787948
1489352400,48.2115,48.662,46.978,48.3865,0,NaN,-43.09986059539651,-46.470841094882374,-0.35101285634066404
1489525200,48.3865,49.45,48.062,48.5945,0,NaN,-48.69610511414809,-42.67747348562316,-0.4597304420012256
1489698000,48.5945,49.038,47.872,48.3125,0,NaN,-54.15680035901331,-49.248201032181605,-0.5719414746756964
1490043600,48.3125,48.886,46.526,47.5995,0,NaN,-60.377615178996464,-48.48713858771494,-0.6414623738733229
1490216400,47.5995,47.936,47.038,47.6145,0,NaN,-55.248170525885726,-50.93348643295917,-0.6674421282283707
1490562000,47.6145,48.3,46.636,47.9975,0,NaN,-53.74764868966224,-44.225560671617295,-0.7486549605034869
1490734800,47.9975,50.048,47.958,49.9185,0,NaN,-28.31634455351356,-13.870062613379712,-0.7506654884818664
1490907600,49.9185,50.488,49.504,49.9185,0,NaN,-38.284696950108724,-23.240573638475936,-0.7501892932674744
1491253200,49.9185,51.564,49.56,50.5155,0,NaN,-0.4268180227015126,12.285567246151691,-0.7549724576203648
1491426000,50.5155,52.648,50.476,52.0175,0,NaN,28.17242013395687,47.312911382521854,-0.7300323907110743
1491771600,52.0175,53.254,52.0175,53.2155,0,NaN,44.456260716972345,53.636525511621336,-0.7330272340254406
1491944400,53.2155,53.576,52.548,52.7585,0,NaN,45.98583558738859,44.583126316119035,-0.7252357788278876
1492117200,52.7585,53.134,52.48,52.6715,0,NaN,42.658964756357435,44.6601578735148,-0.7140005429003604
1492462800,52.6715,52.796,50.048,50.5355,0,NaN,30.276440625602042,29.78759556168487,-0.7208219918537468
1492635600,50.5355,50.93,48.782,49.1755,0,NaN,14.110750360817875,17.332905019275362,-0.6851620751448858
1492981200,49.1755,49.826,48.512,48.9975,0,NaN,5.652519999664467,6.72797761065934,-0.7733932786955343
1493154000,48.9975,49.834,47.884,48.8755,0,NaN,-5.5052039286387275,-4.435420766466879,-0.7792615986341134
1493326800,48.8755,49.424,48.302,48.4525,0,NaN,-11.953254516857395,-8.55705973598821,-0.8306884688052191
1493672400,48.4525,49.01,47.056,47.3255,0,NaN,-36.572388206989345,-25.195405571781546,-0.8093905386761884
1493845200,47.3255,47.51,43.552,46.2815,0,NaN,-67.95240521245992,-65.30543904160923,-0.7057859356161865
1494190800,46.2815,46.784,45.362,45.9905,0,NaN,-85.63749193252269,-74.81391875705363,-0.5295877467369277
1494363600,45.9905,48.066,45.856,47.6735,0,NaN,-64.556686378628,-59.26088023496325,-0.47978729264746567
1494536400,47.6735,49.556,47.222,48.7145,0,NaN,-47.7976815397607,-46.8340921697413,-0.47172131448412463
1494882000,48.7145,49.424,47.958,48.8775,0,NaN,-29.520614825093798,-21.18708376653953,-0.4338173739624754
1495054800,48.8775,50.466,47.988,50.4305,0,NaN,0.5577920380819101,16.929989395831555,-0.4233706481688576
1495400400,50.4305,51.426,50.22,51.1205,0,NaN,8.132207630769585,31.009796699359626,-0.40700753719216876
1495573200,51.1205,51.656,48.144,48.3565,0,NaN,-28.016193181600517,-7.982491918373036,-0.36855665150849953
1495746000,48.3565,50.01,47.874,49.7205,0,NaN,-4.341228525544061,15.441792589706868,-0.3620633681080467
1496091600,49.7205,49.784,47.498,48.4085,0,NaN,-1.9936615277699339,13.371625107999893,-0.34168616783014727
1496264400,48.4085,48.932,46.532,47.5135,0,NaN,-9.495670480857004,21.77393361556799,-0.2451636751034212
1496610000,47.5135,48.228,46.69,47.7925,0,NaN,-8.940217220957049,28.39491225750794,-0.08141141235528071
1496782800,47.7925,48.062,45.068,45.5475,0,NaN,-58.334172959211934,-15.595806179864788,-0.13608775501891587
1496955600,45.5475,46.61,45.136,45.9115,0,NaN,-62.59524918594047,-26.734578010165684,-0.04255540636120994
1497301200,45.9115,46.484,44.476,44.6035,0,NaN,-79.68073883992959,-47.07953168121895,0.06117804324554056
1497474000,44.6035,44.91,44.178,44.6415,0,NaN,-96.98987294934045,-74.35837371270587,0.07993666970915767
1497819600,44.6415,45.022,42.704,43.1215,0,NaN,-100.00000000000003,-99.99999999999997,0.09379287639739267
1497992400,43.1215,43.966,41.838,42.5645,0,NaN,-78.28627583867927,-77.07226967821713,0.2163791552240035
1498165200,42.5645,43.464,42.328,43.2865,0,NaN,-88.86855456602905,-81.60240698051153,0.20895963954025917
1498510800,43.2865,44.72,43.142,44.7065,0,NaN,-66.29437576739797,-44.78859130661767,0.28011494615145527
1498683600,44.7065,46.19,44.488,46.1625,0,NaN,-44.88243901788214,-12.18662515844401,0.3012293188304757
1499029200,46.1625,47.1785,45.772,46.9275,0,NaN,-34.59279610764487,-12.077439654362639,0.22113831307539203
1499202000,46.9275,47.104,44.418,45.2125,0,NaN,-20.67559157330697,-6.028670459632977,0.24995091271444128
1499374800,45.2125,45.306,43.564,44.4755,0,NaN,-33.76458473653981,-14.473305252986988,0.28228042813507204
1499720400,44.4755,46.402,43.762,45.3705,0,NaN,-8.126999903635664,11.07576874616919,0.25728771213894547
1499893200,45.3705,46.688,44.924,46.6575,0,NaN,1.428729074709853,31.96626285141329,0.19827366706164432
1500238800,46.6575,46.93,45.824,46.2255,0,NaN,7.464925648994313,52.21598529076971,0.0884990362980061
1500411600,46.2255,47.54,46.128,46.7245,0,NaN,7.460077111483958,70.85252814423076,0.055778943002075684
1500584400,46.7245,47.026,45.23,46.3195,0,NaN,-1.0200954890916396,54.55108702150354,0.018302785872222775
1500930000,46.3195,48.702,46.22,48.571,0,NaN,9.452244619926859,61.08250717702923,-0.04368920916322526
1501102800,48.571,49.652,48.098,49.644,0,NaN,4.921411688120642,51.82415233366419,-0.12188434083834375
1501448400,49.644,50.291,48.239,48.646,0,NaN,-16.646679404264702,34.95694098885249,-0.17974784645143804
1501621200,48.646,49.837,48.432,48.813,0,NaN,0.9759966410671712,61.74377725671641,-0.13837973117016666
1501794000,48.813,49.617,48.395,49.251,0,NaN,18.468454331725063,76.9359612131129,-0.05678166035746849
1502139600,49.251,49.696,48.779,49.625,0,NaN,14.809025634031066,66.54504514214753,0.04828449713976155
1502312400,49.625,50.139,47.918,48.696,0,NaN,-2.676100932158189,34.61777734782255,0.14451114074253726
1502658000,48.696,49.099,46.986,47.622,0,NaN,-2.8456820024596734,25.924607822180736,0.2912136419967914
1502830800,47.622,47.935,46.446,46.916,0,NaN,-9.856716369020852,2.2061013716342073,0.37662009426678256
1503003600,46.916,48.718,46.75,47.398,0,NaN,-3.4762068863316067,13.155333917353463,0.6128314436937334
1503349200,47.398,48.352,47.199,48.236,0,NaN,-15.851163979468044,-3.445273741026062,0.6590126155384929
1503522000,48.236,48.275,46.922,47.723,0,NaN,-29.824262254541388,-24.50264316002884,0.6753642207773688
1503867600,47.723,48.035,45.651,46.231,0,NaN,-37.768921356107214,-31.00609246096853,0.6750705056236402
1504040400,46.231,47.358,45.486,46.982,0,NaN,-29.099473366270715,-22.06775694981974,0.6350464495091938
1504213200,46.982,47.568,46.464,47.329,0,NaN,-36.85531341060548,-26.92439187244561,0.4983147020783986
1504558800,47.329,49.336,47.261,49.078,0,NaN,-25.14462221785069,-3.966881101889274,0.0750489239375558
1504731600,49.078,49.25,47.213,47.491,0,NaN,-37.78900510109716,-7.637589582243123,0.06615185598380022
1505077200,47.491,48.391,46.956,48.302,0,NaN,-17.547351454789364,11.126117810948859,0.08168134675864569
1505250000,48.302,50.459,48.084,49.661,0,NaN,10.80365283115518,42.40431040796502,-0.03149861251472414
1505422800,49.661,50.318,49.183,49.854,0,NaN,11.06321551080255,41.05988981005317,-0.15108645591720932
1505768400,49.854,50.635,49.256,50.234,0,NaN,0.4446401016434507,31.84452395465484,-0.16165452817201756
1505941200,50.234,50.345,49.619,50.209,0,NaN,8.770892969590811,35.639215165688746,-0.2371653632231143
1506286800,50.209,52.024,49.996,51.705,0,NaN,51.15979993053189,70.89284910878857,-0.39544340857192933
1506459600,51.705,52.487,50.873,51.253,0,NaN,35.0197806037672,46.151645905654334,-0.4798883587506941
1506632400,51.253,51.425,49.785,50.283,0,NaN,67.20161150097667,46.285727177436904,-0.5666626580258367
1506978000,50.283,50.453,49.521,49.647,0,NaN,33.03741000222307,5.681837477574986,-0.6697135556635275
1507150800,49.647,50.983,48.878,49.001,0,NaN,59.2045322393555,11.975579982087543,-0.703082958663735
1507496400,49.001,50.893,48.95,50.787,0,NaN,68.2945469238295,28.787411896220195,-0.719542715416139
1507669200,50.787,51.264,50.028,50.599,0,NaN,39.93130363001582,16.533097129865656,-0.7013509707581406
1507842000,50.599,52.294,50.581,51.838,0,NaN,48.8426737474005,25.22328732305,-0.6152087648434251
1508187600,51.838,52.218,51.133,51.93,0,NaN,49.754057765895155,17.724216423429297,-0.6010065781846216
1508360400,51.93,52.061,50.563,51.741,0,NaN,46.32271294528438,20.586996644113107,-0.4652562316800412
1508706000,51.741,52.337,51.278,52.26,0,NaN,29.235982731958956,5.356848305820802,-0.1835006405631222
1508878800,52.26,52.595,51.628,52.576,0,NaN,46.922364587848556,22.237212217313736,0.11810493515344771
1509051600,52.576,54.226,51.995,53.89,0,NaN,74.07212021566633,42.240866717985185,0.4144651730039919
1509397200,53.89,55.001,53.688,54.08,0,NaN,89.4169579751214,60.18308658039534,0.49129841506833216
1509570000,54.08,55.565,53.786,55.535,0,NaN,100,91.5283545235696,0.3403630416932776
1509919200,55.535,57.526,55.494,56.784,0,NaN,91.70732121626155,78.74511320862464,0.16805821572779225
1510092000,56.784,57.771,56.276,56.886,0,NaN,95.99282500005476,77.28711860692128,-0.0462999316798497
1510264800,56.886,57.223,56.218,56.649,0,NaN,82.32245839520115,60.222397135180785,-0.20914321489709192
1510610400,56.649,56.68,54.742,55.251,0,NaN,67.58422114291196,47.819414864395384,-0.22516161264955492
1510783200,55.251,56.579,54.91,56.552,0,NaN,84.59360466120383,64.90400787344683,-0.3172101928536061
1511128800,56.552,57.004,55.533,56.879,0,NaN,78.38986920404723,65.58006350248972,-0.41362647959815163
1511301600,56.879,58.375,56.827,58.335,0,NaN,81.9295049343096,84.26123396244728,-0.4838911557043156
1511474400,58.335,58.848,57.377,57.648,0,NaN,55.81045836249788,66.08250451685076,-0.5165126831208193
1511820000,57.648,58.149,56.609,57.233,0,NaN,48.81540018724484,58.14084151068955,-0.5061488828062098
1511992800,57.233,58.742,56.7,58.156,0,NaN,42.84738114536279,49.79655850511239,-0.6460032938580857
1512338400,58.156,58.183,56.974,57.374,0,NaN,16.898492620201196,27.643921220471647,-0.7417381582782185
1512511200,57.374,57.469,55.719,56.542,0,NaN,12.532196572116032,13.917112984541436,-0.8129133750175895
1512684000,56.542,58.009,56.455,57.939,0,NaN,30.59455338009693,26.934730449592667,-0.8145462260297458
1513029600,57.939,58.492,56.461,56.603,0,NaN,23.85465107406521,23.568685172718492,-0.8286628114355958
1513202400,56.603,57.443,56.043,57.303,0,NaN,5.731237019365477,19.942897810367885,-0.7171119460633701
1513548000,57.303,57.738,56.809,57.631,0,NaN,7.948564076291416,17.373565458732756,-0.5444992205003597
1513720800,57.631,58.323,57.402,58.184,0,NaN,-2.0487887663875437,4.158591651186792,-0.3989911033652126
1513893600,58.184,58.445,57.815,58.336,0,NaN,5.769452789294619,15.04420967774535,-0.15750948345422083
1514239200,58.336,59.952,58.272,59.544,0,NaN,16.983376450043224,31.947669066913516,0.301825885866657
1514412000,59.544,60.457,59.396,60.068,0,NaN,6.8311436278815805,33.50662014627537,0.44258121070023826
1514757600,60.068,60.694,60.068,60.308,0,NaN,20.670995264367598,47.16861772502227,0.48400526961222223
1514930400,60.308,62.167,60.246,61.891,0,NaN,42.78983816577075,79.48390438539454,0.5214230425908839
1515103200,61.891,62.009,61.06,61.889,0,NaN,19.02785586900376,66.25195727647369,0.43215089602651485
1515448800,61.889,63.649,61.768,63.46,0,NaN,60.672199262481264,98.0560656842766,0.4657079770928424
1515621600,63.46,64.741,63.043,64.386,0,NaN,66.47355785786561,100,0.5080470187658133
1515967200,64.386,64.884,63.406,63.889,0,NaN,50.73193527228199,93.5218089208321,0.5609546819746324
1516140000,63.889,64.335,63.315,63.745,0,NaN,39.46665193943042,91.83789493588593,0.6221150085621512
1516312800,63.745,64.176,62.841,63.968,0,NaN,43.003224905086626,90.61050066369262,0.6636778788900186
1516658400,63.968,66.094,63.755,65.926,0,NaN,49.62775266200735,98.22079614093366,0.7037592908892827
1516831200,65.926,66.703,64.966,66.283,0,NaN,46.763969124895915,99.77015489833498,0.7469283985141475
1517176800,66.283,66.507,63.932,64.024,0,NaN,23.409577882121397,69.65866921693731,0.7462888526482966
1517349600,64.024,66.277,63.712,66.007,0,NaN,32.712442892239395,72.49891105736204,0.6764972912316859
1517522400,66.007,66.329,63.451,63.478,0,NaN,20.157000023049854,47.42609780160945,0.6533310481896245
1517868000,63.478,64.32,61.27,61.78,0,NaN,-10.156516514803037,10.461699638671819,0.6184500180943764
1518040800,61.78,62.106,58.093,59.083,0,NaN,-36.86013430592484,-36.45645037139053,0.6384978964916457
1518386400,59.083,60.842,58.407,58.989,0,NaN,-33.45384875550233,-34.044784224532116,0.6376055851194983
1518559200,58.989,61.644,58.215,61.436,0,NaN,-11.16960401812661,-12.290231965063303,0.5962230842226167
1518732000,61.436,62.61,60.89,62.517,0,NaN,-1.6689605055006087,5.612575209063592,0.5602781863015044
1519077600,62.517,62.759,61.023,61.419,0,NaN,-20.891956464394283,-33.674484366854315,0.5197601408876077
1519250400,61.419,63.826,60.858,63.683,0,NaN,3.248046020151901,-23.300419084727405,0.49018484772823967
1519596000,63.683,64.325,62.718,62.901,0,NaN,13.7611960137795,-10.813168972582936,0.4224208686676703
1519768800,62.901,63.506,60.258,61.421,0,NaN,-16.98209502778608,-50.26942538579521,0.3509348726769488
1519941600,61.421,62.845,60.207,62.674,0,NaN,10.252945231776897,-11.182191186531476,0.25441901079602564
1520287200,62.674,63.332,60.635,61.392,0,NaN,3.1483947355620385,2.0514352685458617,0.1255331876499416
1520460000,61.392,62.215,60.003,62.19,0,NaN,39.58493027801429,42.18192645051427,0.13025871023618268
1520802000,62.19,62.37,60.293,60.919,0,NaN,25.448062658753187,32.443498940460515,-0.008750806174531356
1520974800,60.919,61.566,60.139,61.202,0,NaN,8.248628979663653,4.160110732801218,-0.07671163860482101
1521147600,61.202,62.559,61.094,62.156,0,NaN,20.21617704479629,-9.432364122189483,-0.08782250169035762
1521493200,62.156,65.467,62.059,65.41,0,NaN,62.7206434441731,45.00453781507733,-0.04010605229497337
1521666000,65.41,65.922,64.041,65.762,0,NaN,37.63279310580525,27.483406528325894,-0.09492490087165935
1522011600,65.762,66.479,64.476,64.623,0,NaN,27.728323224302013,23.040268739740885,-0.13232505440875592
1522184400,64.623,65.21,63.668,64.858,0,NaN,47.33114497910713,41.93570937213133,-0.08782838973345256
1522357200,64.858,65.369,62.772,62.809,0,NaN,-8.425167598191184,-23.485669344582632,-0.07074726520769099
1522702800,62.809,63.813,62.026,63.526,0,NaN,11.434864957241459,2.264529886618405,-0.13125942545726302
1522875600,63.526,64.085,61.782,61.879,0,NaN,-28.70798306157412,-28.23849852350823,-0.25734615335901184
1523221200,61.879,65.837,61.879,65.542,0,NaN,53.07800987521708,40.805072673839064,-0.49296268195755627
1523394000,65.542,67.421,65.131,67.124,0,NaN,66.6123843947387,62.50373089839211,-0.6175039573287825
1523566800,67.124,67.735,66.125,66.352,0,NaN,19.923079209970574,40.213773032571936,-0.6663658582661731
1523912400,66.352,68.924,65.626,68.801,0,NaN,1.0129170891161365,30.897820306754348,-0.6934858513047246
1524085200,68.801,69.584,67.512,68.124,0,NaN,-4.990270090479331,9.870039668863093,-0.7188459243767266
1524430800,68.124,69.399,67.159,67.756,0,NaN,23.940708437577143,5.875418817972022,-0.7467868494058307
1524603600,67.756,68.797,67.138,68.194,0,NaN,22.37756454945496,14.335984435652655,-0.7872623568632302
1524776400,68.194,69.354,67.191,68.594,0,NaN,59.390326261045175,42.482057734607764,-0.8046913205616568
1525122000,68.594,68.913,66.872,67.704,0,NaN,46.462440212250186,16.39398126887081,-0.795930430553396
1525294800,67.704,69.978,67.231,69.788,0,NaN,98.7856542563371,65.55887716439305,-0.7972304335351845
1525640400,69.788,70.848,67.639,70.075,0,NaN,49.26384406357481,12.841714924549088,-0.7773888154602754
1525813200,70.075,71.894,69.867,71.423,0,NaN,56.93971237594121,-2.427725419188903,-0.7602157842590845
1525986000,71.423,71.636,70.272,71.17,0,NaN,55.8043641864664,11.452931480361102,-0.7417414318035997
1526331600,71.17,71.922,70.431,71.573,0,NaN,35.596038716099144,-19.822151763952604,-0.8144060242761103
1526504400,71.573,72.311,71.043,71.436,0,NaN,33.58429541867204,-18.379189401093733,-0.837328249601904
1526850000,71.436,72.867,71.286,72.075,0,NaN,25.674171762494517,-0.33860192930374566,-0.8098092552548058
1527022800,72.075,72.218,70.491,70.628,0,NaN,-3.2859813013914945,-20.317940680908922,-0.772242325822154
1527195600,70.628,70.761,65.777,66.465,0,NaN,-62.023746364987346,-72.82639871670439,-0.7263897536913886
1527541200,66.465,68.639,65.889,68.209,0,NaN,-39.92169401184434,-46.38458092922383,-0.672077270531701
1527714000,68.209,68.23,65.483,65.74,0,NaN,-94.38494501690558,-89.52747768294931,-0.6850009885301186
1528059600,65.74,66.016,64.207,65.5,0,NaN,-100,-95.77553472765925,-0.727248732572784
1528232400,65.5,66.049,64.264,65.92,0,NaN,-100.00000000000001,-97.41266142743966,-0.7560897994014306
1528405200,65.92,66.334,64.842,66.057,0,NaN,-85.4031043690791,-96.28109230322,-0.7808275822873509
1528750800,66.057,66.876,65.516,66.607,0,NaN,-86.29489033078825,-97.11169688414026,-0.815915469502901
1528923600,66.607,67.147,64.289,64.357,0,NaN,-94.78205690009361,-100.00000000000001,-0.8067703291654692
1529269200,64.357,65.983,63.592,65.039,0,NaN,-79.08440447264383,-96.99587782733906,-0.8081953516678666
1529442000,65.039,66.509,64.491,65.962,0,NaN,-56.063550872347584,-74.55513799389288,-0.817476401291055
1529614800,65.962,69.562,65.871,68.336,0,NaN,18.239039222437782,5.306152694405929,-0.7982576265489432
1529960400,68.336,73.185,67.862,72.403,0,NaN,52.80033835976742,39.32714538640877,-0.7640050334077235
1530133200,72.403,74.583,72.329,74.407,0,NaN,100,81.47935228626396,-0.7257110499305683
1530478800,74.407,75.365,72.666,74.385,0,NaN,100,87.70867651638318,-0.7308037074111723
1530651600,74.385,75.018,72.619,73.247,0,NaN,82.11074290878888,65.39034206583788,-0.7465429930919419
1530824400,73.247,74.311,72.224,74.075,0,NaN,82.83624202933701,77.26188654382702,-0.7058449504924026
1531170000,74.075,74.754,70.064,70.634,0,NaN,28.556168381846945,34.76226956823447,-0.7446075453309843
1531342800,70.634,71.694,69.281,70.591,0,NaN,51.674881574645156,66.13377381133616,-0.7547209998146361
1531688400,70.591,70.901,67.364,67.686,0,NaN,0.7102400652313463,21.944701247556253,-0.7111122821469062
1531861200,67.686,69.764,67.277,68.985,0,NaN,7.43896533075268,26.482499724411575,-0.7020135387931808
1532034000,68.985,70.172,68.437,68.658,0,NaN,-24.666985792651396,-12.057106388624614,-0.6751062278519071
1532379600,68.658,70.505,68.403,70.104,0,NaN,-56.569982508842976,-35.51304674591064,-0.6850640668579149
1532552400,70.104,70.698,68.988,69.744,0,NaN,-71.4779961955229,-51.3061983742574,-0.6444186447094398
1532898000,69.744,71.105,68.64,69.01,0,NaN,-84.52567525690557,-64.30139894599311,-0.5582327324342982
1533070800,69.01,69.922,67.48,69.541,0,NaN,-67.27910769079523,-45.76185378605198,-0.43323343176074314
1533243600,69.541,70.369,68.402,69.343,0,NaN,-72.09513478342267,-66.43546027829632,-0.32305977251232787
1533589200,69.343,70.251,66.695,67.145,0,NaN,-59.17037416941297,-59.99207826736611,-0.2207820633199007
1533762000,67.145,68.19,66.47,68.093,0,NaN,-51.02025142788493,-41.035189062234906,-0.059431462699217806
1534107600,68.093,68.578,65.943,66.834,0,NaN,-20.017183832156284,-33.67942380828129,0.2281833973746732
1534280400,66.834,67.083,64.585,65.597,0,NaN,-46.59799520736516,-63.87043232142638,0.4660674234796497
1534453200,65.597,66.507,65.466,66.115,0,NaN,-43.13652612975547,-51.90692865257957,0.6211945821245725
1534798800,66.115,68.795,65.973,68.767,0,NaN,-35.37419900261874,-35.683197368633174,0.591168579829959
1534971600,68.767,69.94,67.954,69.161,0,NaN,-18.89890827340153,-23.560111277079482,0.5666447563456048
1535317200,69.161,69.73,68.737,69.038,0,NaN,-19.47045318037766,-14.055600919394928,0.545874580209298
1535490000,69.038,70.986,68.875,70.54,0,NaN,-4.970851236807558,-1.0561667723784502,0.39984774980042426
1535662800,70.54,70.843,69.943,70.492,0,NaN,9.303293301304969,6.16853420628156,0.1330175876611525
1536008400,70.492,71.782,68.904,68.987,0,NaN,18.75445482266271,10.431536994580679,0.05100875341535804
1536181200,68.987,69.341,67.158,68.095,0,NaN,2.0017140203949566,-10.191613759368712,-0.019220239048209794
1536526800,68.095,70.22,67.561,70.062,0,NaN,26.928563011195628,37.363618904784715,-0.08086302781783399
1536699600,70.062,71.458,68.515,68.964,0,NaN,16.97837841096832,45.60114561867515,-0.11463917713628988
1536872400,68.964,70.048,68.086,68.853,0,NaN,18.931034707583485,36.07722687930759,-0.1197702575647471
1537218000,68.853,71.352,68.598,71.281,0,NaN,11.39619128761234,28.61357821828083,-0.3106067773383689
1537390800,71.281,72.06,70.243,70.996,0,NaN,-10.347176364493532,20.597231468802708,-0.41343893170056734
1537736400,70.996,72.989,70.996,72.272,0,NaN,18.967355875901,34.311951307252365,-0.48538945435044034
1537909200,72.272,72.821,71.695,72.418,0,NaN,2.657139036786049,14.84557806372272,-0.5325975980814837
1538082000,72.418,75.956,72.091,75.689,0,NaN,23.816754265117837,44.11138593562512,-0.6684527580380231
1538427600,75.689,77.069,74.479,76.376,0,NaN,60.83232258750333,73.19473302978305,-0.7644458611900501
1538600400,76.376,76.632,74.001,74.451,0,NaN,49.88719892824693,56.88935353100861,-0.7938414233924439
1538946000,74.451,75.387,73.199,74.792,0,NaN,24.166709593730772,37.5720565874423,-0.8228412303883822
1539118800,74.792,75.195,70.582,71.04,0,NaN,5.512266052103893,7.326016072095097,-0.7952067323446402
1539291600,71.04,72.726,70.677,71.708,0,NaN,9.264292539383575,19.705728129309207,-0.7554565528342535
1539637200,71.708,72.479,69.56,70.17,0,NaN,-22.686422721181938,-26.108013993584223,-0.7075519419279963
1539810000,70.17,70.17,68.71,69.699,0,NaN,-22.987250654453476,-41.392574542949816,-0.6884226488033011
1540155600,69.699,69.994,65.898,66.207,0,NaN,-72.4893637064994,-91.69767051608312,-0.5401051157389722
1540328400,66.207,67.857,66.14,67.096,0,NaN,-68.30302185756932,-86.93717220802176,-0.4608387509031668
1540501200,67.096,68.064,66.325,66.788,0,NaN,-97.2031807418969,-99.99999999999999,-0.4168925416601605
1540846800,66.788,67.365,64.915,64.975,0,NaN,-100,-100,-0.3741010903734966
1541019600,64.975,65.482,62.723,62.92,0,NaN,-100,-96.79284905717438,-0.4662166697654908
1541368800,62.92,64.21,61.382,61.819,0,NaN,-100,-100.00000000000001,-0.5881306649435013
1541541600,61.819,63.25,60.464,60.821,0,NaN,-85.84358192257478,-80.31380637661027,-0.6759268321045944
1541714400,60.821,61.325,58.714,58.874,0,NaN,-97.94669552130635,-100.00000000000001,-0.7248115012599878
1542060000,58.874,59.38,54.785,56.061,0,NaN,-100,-100,-0.7981386207081428
1542232800,56.061,58.001,55.642,56.868,0,NaN,-97.3165858883469,-82.84382554113735,-0.8568315651752915
1542578400,56.868,57.428,52.644,53.224,0,NaN,-97.76110647876607,-84.65775218930057,-0.8993523256482866
1542751200,53.224,55.721,53.224,53.738,0,NaN,-99.38321344172114,-86.94511034093219,-0.9350648112815984
1542924000,53.738,53.988,50.002,51.481,0,NaN,-99.99999999999999,-100.00000000000004,-0.940772253168554
1543269600,51.481,52.457,49.974,50.217,0,NaN,-97.52509263459086,-97.1661874545841,-0.9433128415302308
1543442400,50.217,52.097,49.328,50.632,0,NaN,-80.84378809848155,-81.95783613428672,-0.9436914558194873
1543788000,50.632,54.481,50.632,52.536,0,NaN,-59.69578329830257,-59.534594117172546,-0.9377625679652588
1543960800,52.536,54.367,50.026,51.656,0,NaN,-52.03941213219264,-59.69884618995496,-0.9399016916402827
1544133600,51.656,54.161,50.513,50.858,0,NaN,-45.53641007492753,-45.38709282584017,-0.9349568135710418
1544479200,50.858,52.824,50.665,51.169,0,NaN,-18.29021202185797,-18.115406356781527,-0.9267268263234807
1544652000,51.169,53.232,50.324,51.214,0,NaN,-19.82487244463018,-26.07253929312109,-0.9223471688666088
1544997600,51.214,51.906,45.903,46.01,0,NaN,-41.75073534058015,-52.85707291060341,-0.899693620508956
1545170400,46.01,48.138,45.476,46.005,0,NaN,-41.70984084587026,-52.53283864725513,-0.8395911091927077
1545343200,46.005,46.564,42.206,42.537,0,NaN,-50.25066892715826,-64.42567193263638,-0.7020982670396821
1545688800,42.537,46.828,42.37,46.45,0,NaN,-4.502393402110563,-8.749347461385135,-0.5727608867138825
1545861600,46.45,46.53,44.213,44.954,0,NaN,-15.47302545282843,-30.74730054030602,-0.4168255859782134
1546207200,44.954,46.388,44.604,45.703,0,NaN,-22.054389778616688,-37.98239006729938,-0.27896211862523046
1546293600,45.703,47.648,44.232,46.191,0,NaN,-15.85479832704904,-24.393958403825316,-0.03309954938699559
1546466400,46.191,49.107,45.246,48.193,0,NaN,8.70764056442167,3.8101792951125653,0.21845472679988143
1546812000,48.193,49.852,48.024,49.681,0,NaN,10.366494031402748,22.864192675034538,0.2614630610302904
1546984800,49.681,52.691,49.634,52.195,0,NaN,32.031087738908816,51.416631081301034,0.1592999025846444
1547157600,52.195,53.224,50.341,50.734,0,NaN,67.43921804619896,97.77207466086311,0.15332775138059512
1547503200,50.734,52.47,50.582,52.296,0,NaN,80.4826714215987,100,0.11552615517211884
1547676000,52.296,53.851,50.95,53.681,0,NaN,100,100,0.028108194195926743
1548021600,53.681,54.234,51.795,52.75,0,NaN,53.99879149248841,50.307938606572776,-0.05292044154171947
1548194400,52.75,53.395,51.615,52.927,0,NaN,72.15763097041255,65.80814548635901,-0.17176657567815684
1548367200,52.927,53.698,51.139,51.896,0,NaN,50.669356326084014,47.723622555071344,-0.3607325550893726
1548712800,51.896,54.734,51.65,54.048,0,NaN,58.64915506239524,63.93057405077528,-0.48011919056296054
1548885600,54.048,55.474,53.204,55.172,0,NaN,47.118669567741584,56.001751808421126,-0.5593725639446043
1549231200,55.172,55.594,53.153,53.573,0,NaN,29.59366355442829,25.587044007610825,-0.651205506164873
1549404000,53.573,54.168,51.683,52.485,0,NaN,9.607332365822897,-7.650181558821807,-0.7059176949914173
1549576800,52.485,52.888,51.157,52.37,0,NaN,23.99284889025851,3.153061339120299,-0.6690328925343857
1549922400,52.37,54.53,52.218,53.886,0,NaN,20.618959839271252,1.6667017300561016,-0.6536297911275225
1550095200,53.886,55.779,53.04,55.757,0,NaN,21.82746403049306,4.802579382815113,-0.6329689027818919
1550440800,55.757,56.313,55.283,56.043,0,NaN,26.883693917806678,15.303347506774113,-0.5893168977545028
1550613600,56.043,57.221,55.409,56.497,0,NaN,25.260508990606763,20.208742146741884,-0.5413319442323684
1550786400,56.497,57.452,54.789,55.13,0,NaN,29.782677522597506,19.165171699055612,-0.37542368760223954
1551132000,55.13,57.112,54.734,56.727,0,NaN,27.15175306046479,12.56304965612468,-0.5060747472106153
1551304800,56.727,57.609,55.327,55.507,0,NaN,14.015095625767252,-7.307227016771876,-0.5191484057335816
1551650400,55.507,56.982,55.507,56.059,0,NaN,29.591593041464787,7.726653812850087,-0.5614910051852378
1551823200,56.059,56.809,55.267,56.247,0,NaN,35.98624402958304,19.16421720738966,-0.5484532270797708
1551996000,56.247,56.873,54.37,56.653,0,NaN,36.77803496614322,23.275316313432608,-0.39683694550720194
1552338000,56.653,58.389,56.627,58.248,0,NaN,36.03580070565044,26.776695013060653,-0.36215913853407805
1552510800,58.248,58.869,57.673,58.35,0,NaN,25.93799575977793,13.836296268458447,-0.32060320843998147
1552856400,58.35,59.533,58.024,58.986,0,NaN,25.81973792825771,16.40662260005278,-0.24218391665434713
1553029200,58.986,60.087,58.26,59.574,0,NaN,25.979729375080982,18.50437178963749,-0.06218467646535186
1553202000,59.574,59.765,57.914,58.815,0,NaN,32.19192576243691,19.9940504028426,0.1859978820039637
1553547600,58.815,60.114,58.566,59.16,0,NaN,22.358249006278893,7.883857058007099,0.3715113688983616
1553720400,59.16,60.491,57.971,59.969,0,NaN,35.580051222944164,21.67151567755243,0.4363628564389325
1554066000,59.969,62.545,59.965,62.374,0,NaN,46.189879947289604,36.73783573221589,0.4367411896412216
1554238800,62.374,62.79,61.716,61.997,0,NaN,38.26356469663502,33.9278792522656,0.5500270794581447
1554411600,61.997,64.334,61.643,64.302,0,NaN,53.5123847313983,47.658722713604654,0.502110172049947
1554757200,64.302,64.646,63.541,64.342,0,NaN,42.36735960428225,35.50198546739904,0.5642210580774789
1554930000,64.342,64.539,63.202,63.681,0,NaN,35.95652730609204,28.831551285619454,0.6424975187834179
1555275600,63.681,64.304,62.932,64.264,0,NaN,34.64720176127983,27.960803747513076,0.7129515745237912
1555448400,64.264,64.553,63.409,63.928,0,NaN,30.75162282299279,17.862670888038227,0.733544428896092
1555621200,63.928,65.851,63.928,65.552,0,NaN,45.988712664547364,38.29957928698829,0.7356469147329968
1555966800,65.552,66.466,65.448,65.666,0,NaN,50.22001091295022,35.65806232288758,0.631222631419279
1556139600,65.666,66.155,62.167,62.745,0,NaN,25.31437972533004,8.305011961495428,0.5588849039428343
1556485200,62.745,64.66,62.369,63.371,0,NaN,12.451973755058638,-3.07353288701679,0.4758730212022391
1556658000,63.371,63.846,60.865,61.488,0,NaN,5.378724652411915,-11.214026402619528,0.4057990479924169
1556830800,61.488,62.88,59.98,62.538,0,NaN,-3.36236258792053,-19.146643881620093,0.3459967741708476
1557176400,62.538,62.538,60.606,61.942,0,NaN,-5.442905994967088,-23.42321171013353,0.28066188948123627
1557349200,61.942,62.434,60.874,61.711,0,NaN,-2.6886275367449493,-20.597300202772814,0.2433092509269495
1557694800,61.711,63.289,60.611,61.333,0,NaN,-2.991866020060475,-26.265457992777126,0.23493077472863996
1557867600,61.333,63.452,60.818,63.106,0,NaN,11.29461656596531,-13.620856439588321,0.19505988370659919
1558040400,63.106,63.798,62.444,63.127,0,NaN,3.170862359757409,-24.697429141622354,0.2698534057011663
1558386000,63.127,63.626,60.879,61.176,0,NaN,-12.918020570433638,-36.48838999362693,0.4659665111443465
1558558800,61.176,61.27,57.198,58.882,0,NaN,-15.270622796059314,-30.535234362208175,0.6122057863520053
1558904400,58.882,59.451,58.018,58.961,0,NaN,-17.59144797880526,-32.691311898640876,0.6232986705750589
1559077200,58.961,59.589,56.237,56.32,0,NaN,-25.2431327393745,-42.86809989100668,0.6252557389549088
1559250000,56.32,56.508,52.048,52.779,0,NaN,-58.15347579192409,-68.75808370789025,0.5061562125571752
1559595600,52.779,53.703,50.542,51.641,0,NaN,-62.358285703321684,-71.3925069065525,0.4613397504512676
1559768400,51.641,54.256,51.115,53.977,0,NaN,-48.36382244446577,-54.346051932617684,0.49089617338933067
1560114000,53.977,54.766,52.876,52.998,0,NaN,-52.76318497908067,-58.634051959081894,0.5248469895020188
1560286800,52.998,53.413,50.691,52.188,0,NaN,-66.50980582078994,-73.7502137482966,0.5731931550964777
1560459600,52.188,52.948,51.574,51.91,0,NaN,-69.16260884765977,-76.63952768502615,0.5824858163044365
1560805200,51.91,54.433,51.485,54.174,0,NaN,-44.96525280982321,-51.17137856101758,0.5536211349765942
1560978000,54.174,57.761,54.144,57.377,0,NaN,-10.487156214885523,-10.79196858219339,0.4891299258612421
1561323600,57.377,58.648,56.559,58.566,0,NaN,-3.071154087757984,-2.266290907956096,0.3937482895691513
1561496400,58.566,59.74,58.43,59.111,0,NaN,16.426685118283608,21.55179409781447,0.31156919798329036
1561669200,59.111,60.122,57.591,59.046,0,NaN,51.1778419627829,48.146834732120794,0.20032577323393577
1562014800,59.046,59.291,55.916,57.294,0,NaN,42.018509707198504,39.18085525176542,0.10478806615822704
1562187600,57.294,57.692,56.179,57.61,0,NaN,27.05023570222898,22.099941630348436,-0.009770389474512723
1562533200,57.61,58.86,57.198,58.263,0,NaN,41.34534953627942,31.489509135160496,-0.12621264580489883
1562706000,58.263,60.847,58.263,60.339,0,NaN,62.54147270362397,54.51703540215427,-0.25486369828946326
1562878800,60.339,60.862,59.166,59.276,0,NaN,50.069915007405854,52.949812907696675,-0.3682612113992447
1563224400,59.276,60.02,56.231,56.596,0,NaN,13.754161154424693,14.617861580007649,-0.4179676840952181
1563397200,56.596,57.324,54.733,55.785,0,NaN,-16.54486406058571,-19.940806176058178,-0.4933757595161425
1563742800,55.785,57.362,55.637,57.028,0,NaN,-12.132705108848883,-21.778895695962166,-0.6361361556316483
1563915600,57.028,57.528,55.232,55.808,0,NaN,-18.044870528249398,-35.02293670859851,-0.6863579104895983
1564088400,55.808,57.009,55.589,56.959,0,NaN,-8.438417100781763,-27.59083851280205,-0.6481898018965181
1564434000,56.959,58.733,56.882,57.836,0,NaN,16.10106382847563,-7.978712459578081,-0.5224543645441038
1564606800,57.836,57.917,53.53,55.145,0,NaN,-0.9827153154782065,-30.966398268744616,-0.27454098343383543
1564952400,55.145,55.542,53.249,53.416,0,NaN,-18.489859387501124,-43.03737097205874,0.04783144769420795
1565125200,53.416,53.716,50.479,52.904,0,NaN,-35.781309165843986,-56.46732709353249,0.3288568923981999
1565298000,52.904,55.154,52.333,54.762,0,NaN,-14.46600909592527,-39.300478886159894,0.5596237699516668
1565643600,54.762,57.437,53.952,54.905,0,NaN,3.548979091135271,-20.180767957786546,0.6443049056136715
1565816400,54.905,55.65,53.745,54.889,0,NaN,13.16583850727312,-15.927481753009369,0.6644348400515768
1566162000,54.889,56.624,54.825,56.131,0,NaN,12.113737048908163,-16.736228423727187,0.6508192063237894
1566334800,56.131,57.163,54.881,55.399,0,NaN,11.307016609216237,-11.248750817883426,0.6330699067679125
1566507600,55.399,55.626,52.995,53.814,0,NaN,-10.370894620236788,-29.968496429970777,0.641222063787632
1566853200,53.814,56.759,53.716,55.936,0,NaN,-3.2698513093406314,-19.673359855404968,0.6193309928719619
1567026000,55.936,56.916,54.574,55.152,0,NaN,6.6835510804078,-6.083100205186487,0.6106514833551122
1567371600,55.152,55.252,52.85,53.948,0,NaN,-1.2470694494100858,-13.091646539030652,0.6044562250579523
1567544400,53.948,57.769,53.85,56.202,0,NaN,11.684317179724275,4.210318324348918,0.6095733735795378
1567717200,56.202,58.176,54.838,58.053,0,NaN,9.00151885122311,3.3979818692824963,0.4672016659422808
1568062800,58.053,58.77,55.613,55.946,0,NaN,-10.342936626665644,-16.148365113877055,0.4422852904337607
1568235600,55.946,56.353,54.012,54.839,0,NaN,-23.68222291912648,-22.272928840808664,0.407162533561306
1568581200,54.839,63.379,54.839,58.765,0,NaN,-0.22303414087347662,-1.1534280168198237,0.40969389733290185
1568754000,58.765,59.626,57.721,58.783,0,NaN,11.863943555753306,5.7483252033526675,0.40187126393050604
1568926800,58.783,59.382,57.501,58.606,0,NaN,25.385854219458544,18.618271475023278,0.2935916757870258
1569272400,58.606,58.615,55.733,56.736,0,NaN,-9.199390665881044,-15.033730617275047,0.2355221385485553
1569445200,56.736,56.942,54.854,56.242,0,NaN,-8.935783432024145,-15.633519835628489,0.21136621325135047
1569790800,56.242,56.502,53.135,54.048,0,NaN,-11.195213253612707,-21.639542584323877,0.2807253089547303
1569963600,54.048,54.495,51.065,52.348,0,NaN,-43.748635775059824,-54.232256733224446,0.281853953693655
1570136400,52.348,54.114,52.112,52.839,0,NaN,-49.83334835074429,-63.198014523884275,0.2930864890832979
1570482000,52.839,53.786,51.868,52.704,0,NaN,-34.361034634666396,-50.50204214881393,0.31528861492801913
1570654800,52.704,54.968,51.452,54.928,0,NaN,-8.517945815095135,-21.437986358684487,0.32035806515167337
1571000400,54.928,54.928,52.423,52.949,0,NaN,-54.65079939055027,-64.73179216822803,0.3751770937100855
1571173200,52.949,54.171,52.539,54.097,0,NaN,-54.56141505674193,-54.09642633606371,0.38399293618369595
1571346000,54.097,54.612,52.785,53.562,0,NaN,-62.47449546208367,-53.88008026230679,0.3766031280457777
1571691600,53.562,56.006,53.156,55.814,0,NaN,-29.270684874042168,-24.00719409223575,0.3784573408159084
1571864400,55.814,56.68,55.346,56.583,0,NaN,0.671882070260619,10.735101691970515,0.31995939392752365
1572210000,56.583,56.867,54.551,55.454,0,NaN,3.5423689001463243,22.622355308363414,0.34467251536771554
1572382800,55.454,55.683,53.667,54.087,0,NaN,16.977227036649914,27.03173984747555,0.2753870304909908
1572555600,54.087,57.384,54.018,56.528,0,NaN,38.91498355042213,49.13606983924244,0.2609185755707596
1572904800,56.528,57.809,56.08,56.36,0,NaN,38.35260374603007,55.18343813231659,0.2735840595715304
1573077600,56.36,57.841,55.735,57.407,0,NaN,32.435971820738004,38.419101338349435,0.4034110235915207
1573423200,57.407,57.524,56.227,56.775,0,NaN,45.81659830697132,53.178099666650986,0.32681633175544356
1573596000,56.775,57.769,56.187,56.873,0,NaN,44.71026607703121,36.421408949694424,0.3147780935461939
1573768800,56.873,58.078,56.421,56.85,0,NaN,52.04384407246552,40.401807910093424,0.3499582200360711
1574114400,56.85,57.294,54.777,57.013,0,NaN,27.869683931428494,18.36219120864528,0.42516340533810965
1574287200,57.013,58.658,56.527,57.852,0,NaN,26.407729415135584,18.74326558272527,0.46300204205553097
1574632800,57.852,58.499,57.148,58.257,0,NaN,47.34702211093094,34.764028385909896,0.43224533456505215
1574805600,58.257,58.611,57.453,58.223,0,NaN,65.31698891005803,49.629461361877325,0.4171200392414466
1574978400,58.223,58.223,54.971,55.918,0,NaN,13.354893301478834,-6.501536222978327,0.366212911507219
1575324000,55.918,58.611,55.31,58.312,0,NaN,34.064132574004915,29.304206609928816,0.349376995014223
1575496800,58.312,59.805,57.666,59.114,0,NaN,29.80965072670956,28.597377121047337,0.3840026663027978
1575842400,59.114,59.487,58.204,59.08,0,NaN,35.50742872421675,35.29293140445,0.17801200883618687
1576015200,59.08,59.692,58.09,59.195,0,NaN,25.154916142603007,38.297200638330494,0.20415031986499252
1576188000,59.195,60.454,59.195,60.187,0,NaN,39.06705478605511,47.04396353929538,0.18076840524380192
1576533600,60.187,61.145,60.016,60.847,0,NaN,44.58218678077094,53.76907046827237,-0.006756252733476058
1576706400,60.847,61.434,60.062,60.41,0,NaN,26.05987770849787,38.10154837870856,-0.022543268282986792
1577052000,60.41,61.188,60.139,61.178,0,NaN,26.62877413049407,41.973490899989606,0.042676505297944076
1577224800,61.178,61.856,61.096,61.768,0,NaN,33.23810513716991,49.083583857794345,0.28506680680769014
1577397600,61.768,62.362,61.121,61.691,0,NaN,51.239569834187705,79.65696067998442,0.42276373264099876
1577743200,61.691,61.91,60.65,61.23,0,NaN,22.35515229805488,43.837991370877205,0.5249706356390457
1577829600,61.23,61.539,60.667,61.187,0,NaN,16.08853134941499,36.68617502515484,0.5623822495943033
1578002400,61.187,64.745,61.147,62.866,0,NaN,38.253205720046054,51.99226190857735,0.4094536494569476
1578348000,62.866,65.66,59.16,59.977,0,NaN,17.672687342185068,17.933019400039033,0.2948868337692912
1578520800,59.977,60.32,58.679,59.14,0,NaN,-4.992222710175,-3.751165022255069,0.2379251313762205
1578866400,59.14,59.275,57.733,58.156,0,NaN,-22.666839261469427,-21.94209902946107,0.2761680525580565
1579039200,58.156,58.864,57.404,58.604,0,NaN,-9.641141055093442,-10.01002972042983,0.2868642355019491
1579212000,58.604,59.73,58.304,58.705,0,NaN,-12.834305752954595,-17.019324330872355,0.29272494904695057
1579557600,58.705,58.865,56.056,56.126,0,NaN,-39.71769943990019,-48.48945140264576,0.3280910535526857
1579730400,56.126,56.256,53.852,54.164,0,NaN,-52.58540335547856,-71.4594217183313,0.5153785594971749
1580076000,54.164,54.164,52.138,53.951,0,NaN,-40.15654639228375,-71.60174988271554,0.6448380129433091
1580248800,53.951,54.358,51.659,52.944,0,NaN,-53.879677425643806,-85.77722729255328,0.7355821665528374
1580421600,52.944,53.349,49.8,49.898,0,NaN,-96.33637859016984,-99.99999999999999,0.7701264995811964
1580767200,49.898,51.871,49.313,51.198,0,NaN,-68.40976788027427,-66.12538011665208,0.7686808993326211
1580940000,51.198,52.183,50.081,50.346,0,NaN,-65.9966986132511,-67.68085205009834,0.7968687929954366
1581285600,50.346,50.682,49.422,49.915,0,NaN,-57.589931860798984,-66.61011825402774,0.8182622720129882
1581458400,49.915,51.953,49.915,51.523,0,NaN,-50.51072881195004,-56.129412851141296,0.8213109962129347
1581631200,51.523,52.389,51.323,52.322,0,NaN,-40.93250131361936,-49.350600861884686,0.8211722802111597
1581976800,52.322,53.613,50.905,53.464,0,NaN,-4.184969933522222,-18.11593797169074,0.7837770261566643
1582149600,53.464,54.401,52.324,53.197,0,NaN,17.251580009615168,-4.860790564788243,0.7115979541483051
1582495200,53.197,53.197,49.509,49.883,0,NaN,-22.63077817520795,-31.46920578344438,0.7007746753498622
1582668000,49.883,50.252,45.726,46.196,0,NaN,-52.92407749458759,-56.81412288464213,0.6984829734572761
1582840800,46.196,47.416,43.486,47.375,0,NaN,-6.578465101874558,-11.079981791757106,0.7278530462979188
1583186400,47.375,48.52,46.359,47.09,0,NaN,-28.749482550048135,-22.13883572558577,0.7162491427918778
1583359200,47.09,47.458,40.965,41.522,0,NaN,-90.10378162775682,-69.18634938531517,0.5376658746644509
1583701200,41.522,41.522,27.295,34.751,0,NaN,-100,-100,0.26370192690827415
1583874000,34.751,36.284,29.986,30.956,0,NaN,-100.00000000000003,-100.00000000000001,0.44009847364148985
1584046800,30.956,33.921,28.131,28.529,0,NaN,-100,-100,0.6058473548883152
1584392400,28.529,30.217,20.275,22.573,0,NaN,-100,-100,0.7462432996883864
1584565200,22.573,28.155,21.513,23.355,0,NaN,-97.44071230465676,-100.00000000000003,0.8020467885981747
1584910800,23.355,24.909,20.586,24.121,0,NaN,-89.55696027733043,-88.6701301594268,0.7979860155097742
1585083600,24.121,24.972,22.169,22.95,0,NaN,-94.28567471673844,-82.19874931272435,0.8176853487934851
1585256400,22.95,23.2,19.121,20.083,0,NaN,-100.00000000000003,-96.90933305410337,0.7547965133194086
1585602000,20.083,21.728,19.771,21.017,0,NaN,-86.17557075895624,-95.48729616275182,0.7428370250051343
1585774800,21.017,28.937,20.618,28.6,0,NaN,-9.050693054513836,-34.148321319958946,0.7397656645986402
1586120400,28.6,28.6,23.426,24.066,0,NaN,-23.228378297853403,-40.24122759970994,0.7216981364303816
1586293200,24.066,28.218,22.487,23.123,0,NaN,-19.77295132319248,-19.183653018297456,0.6133217653032506
1586466000,23.123,24.487,21.969,22.383,0,NaN,-22.87766335366964,-2.6773309071400675,0.49811740213639105
1586811600,22.383,22.92,19.992,20.444,0,NaN,3.4377962806256264,35.07897796798581,0.3731308733458427
1586984400,20.444,20.955,19.3,19.776,0,NaN,-11.363437418385885,32.42633519962523,0.2939201543528942
1587330000,19.776,19.876,11.104,12.839,0,NaN,-100.00000000000003,-58.022709124861365,0.16953595819448983
1587502800,12.839,15.177,11.208,14.177,0,NaN,-68.67401986741766,-39.120773855009276,0.03978612711767621
1587675600,14.177,14.958,11.885,12.219,0,NaN,-71.79420647164585,-49.90493352263704,-0.07778762914820067
1588021200,12.219,13.783,11.621,13.02,0,NaN,-76.76376932847356,-43.6691047193371,-0.29887490547793655
1588194000,13.02,15.918,13.02,15.369,0,NaN,-100,-62.30347464340855,-0.5312748335464664
1588539600,15.369,19.368,14.572,19.234,0,NaN,-7.479394385708801,14.445339200568661,-0.7139254296880717
1588712400,19.234,19.919,17.493,17.836,0,NaN,-11.96321621887438,3.2230912766474233,-0.7556965645055927
1588885200,17.836,19.71,17.773,18.752,0,NaN,14.423132436968352,21.482020778248213,-0.7383407010561699
1589230800,18.752,20.184,18.623,19.454,0,NaN,49.45696833860185,50.45803720189411,-0.729516106580857
1589403600,19.454,22.691,19.213,22.624,0,NaN,100,100,-0.6905574740377417
1589749200,22.624,25.685,22.624,24.999,0,NaN,100,100,-0.5509893796517058
1589922000,24.999,27.469,24.745,27.003,0,NaN,96.4769229875232,96.42689618847699,-0.38137217036829696
1590094800,27.003,27.911,24.457,27.538,0,NaN,100,100,-0.2705387532000117
1590440400,27.538,28.601,26.369,26.714,0,NaN,76.62604660281885,78.29837448845986,-0.21884289709432783
1590613200,26.714,30.082,25.854,29.797,0,NaN,61.799303916739206,66.16942436009288,0.1425123828589927
1590958800,29.797,32.098,29.406,31.943,0,NaN,28.779522699469226,36.26092424876157,0.5024033457382501
1591131600,31.943,33.152,31.22,32.772,0,NaN,46.92566235233275,56.58727616508139,0.6729753370479922
1591304400,32.772,36.34,32.598,34.53,0,NaN,46.6927113308043,57.57399818457981,0.7938272710444064
1591650000,34.53,36.579,33.648,35.843,0,NaN,46.01608006678747,58.708759500530064,0.8517754839664222
1591822800,35.843,35.843,31.895,33.975,0,NaN,9.182813539718431,21.523126356109742,0.8911296456127228
1592168400,33.975,37.332,32.53,36.304,0,NaN,5.134486005112876,16.37815083176166,0.8881154391955641
1592341200,36.304,37.545,35.707,37.394,0,NaN,-2.0903851380416327,7.538649156625077,0.8814681082649134
1592514000,37.394,39.286,36.965,39.137,0,NaN,2.728618577524358,10.958066267956113,0.8942538066990939
1592859600,39.137,40.145,36.036,36.776,0,NaN,-1.8356592954077584,6.723957107692364,0.9217300859037849
1593032400,36.776,38.083,35.849,37.012,0,NaN,-16.252696773816027,-9.206478279584452,0.9230732084302087
1593378000,37.012,39.007,36.454,38.708,0,NaN,-17.098406694883053,-13.202444799600372,0.9168733173925545
1593550800,38.708,39.763,38.053,39.327,0,NaN,-17.103249224107884,-14.706921898257217,0.9175944366526105
1593723600,39.327,40.267,38.927,39.825,0,NaN,-22.801644891586434,-20.118170566387715,0.9224446618514811
1594069200,39.825,40.396,39.167,40.192,0,NaN,-26.54950654900322,-23.73174397902244,0.9316038593490772
1594242000,40.192,40.318,37.974,40.014,0,NaN,-21.54820859300193,-16.85764773184972,0.9176380121552807
1594587600,40.014,40.29,38.702,40.105,0,NaN,-29.020216318953718,-25.01683614477272,0.9018484111261347
1594760400,40.105,40.934,39.762,40.447,0,NaN,-32.02291131858365,-26.565809554119255,0.8908691931704311
1594933200,40.447,40.625,39.583,40.409,0,NaN,-38.98755550365054,-31.4536302349867,0.8687797870197286
1595278800,40.409,42.101,40.35,41.494,0,NaN,-28.81142365924589,-21.6239859856652,0.8006428331455889
1595451600,41.494,41.984,40.308,40.982,0,NaN,-31.531137475582298,-22.098156295624793,0.7308748282671395
1595797200,40.982,41.612,40.177,40.788,0,NaN,-38.85584468402137,-27.144823501675813,0.720193992510045
1595970000,40.788,41.275,38.471,40.059,0,NaN,-42.148928399902644,-30.478466684811803,0.706981372601514
1596142800,40.059,41.013,39.367,40.535,0,NaN,-40.2565373928409,-29.81407579501182,0.7486442564907781
1596488400,40.535,43.305,39.929,42.006,0,NaN,-38.25263014318024,-27.952500258633727,0.7664612733599929
1596661200,42.006,42.46,40.895,41.405,0,NaN,-39.31169209345784,-28.638459122102958,0.7934621559844228
1597006800,41.405,42.809,41.088,41.502,0,NaN,-39.00195642235188,-29.022846126651675,0.7556104954095415
1597179600,41.502,42.786,41.419,42.252,0,NaN,-37.749573752834586,-28.608555093184645,0.6401214126207757
1597352400,42.252,42.918,41.535,42.764,0,NaN,-36.54330514435904,-26.71315531641971,0.6315857683427097
1597698000,42.764,42.951,42.084,42.644,0,NaN,-37.83601609154037,-30.02560336725495,0.5150768118639868
1597870800,42.644,42.66,41.171,41.972,0,NaN,-38.24433493327172,-31.37883963746729,0.35378240737220407
1598216400,41.972,43.302,41.968,43.136,0,NaN,-33.98574134652528,-28.804087390664648,0.13288925150063188
1598389200,43.136,43.518,42.128,42.772,0,NaN,-33.59204026584874,-28.28585056195526,0.006367993412209951
1598562000,42.772,43.357,42.354,42.614,0,NaN,-38.444742365659906,-30.814877812225212,0.02832849526096523
1598907600,42.614,43.238,41.048,41.408,0,NaN,-43.52904406359399,-36.29378769192367,-0.06910180362606579
1599080400,41.408,41.71,39.203,39.328,0,NaN,-47.98086208514774,-41.75663405388795,-0.1394034805403294
1599426000,39.328,39.442,36.015,36.725,0,NaN,-55.27242136095619,-47.959090301610765,-0.1810124627430782
1599598800,36.725,38.337,36.062,36.907,0,NaN,-56.2951361115521,-49.58558664877475,-0.2770617246939599
1599771600,36.907,37.724,36.586,37.191,0,NaN,-55.75162466031546,-50.42470207449553,-0.3726651676674823
1600117200,37.191,40.293,37.001,40.113,0,NaN,-48.32703283032812,-43.00333647422896,-0.3949049156403348
1600290000,40.113,41.444,39.38,40.926,0,NaN,-45.076934798845144,-39.15475855101255,-0.37389310098414985
1600635600,40.926,41.249,38.658,39.542,0,NaN,-49.592862987024034,-45.83032873428804,-0.3642565545134203
1600808400,39.542,40.533,38.926,39.985,0,NaN,-44.502830438113925,-44.98721978555375,-0.27638147807011715
1600981200,39.985,40.623,39.523,40.404,0,NaN,-40.28051456757074,-43.86740822937942,-0.2527144849213334
1601326800,40.404,40.525,38.259,39.7,0,NaN,-41.74504067879353,-42.86445819697406,-0.2619750300936281
1601499600,39.7,40.303,36.506,36.84,0,NaN,-45.511227922931354,-44.19774887744979,-0.2597147508822565
1601845200,36.84,40.745,36.84,39.723,0,NaN,-28.855259591597324,-28.48867090255612,-0.22168165700780043
1602018000,39.723,41.239,39.176,41.17,0,NaN,-24.910897591100365,-24.345094368883295,-0.1955688088429914
1602190800,41.17,41.37,38.983,39.437,0,NaN,-32.49328869869932,-29.537334238694047,-0.18295550700914323
1602536400,39.437,41.108,39.298,41.063,0,NaN,-34.89809553208738,-34.37330941600522,-0.19223721529302884
1602709200,41.063,41.248,39.188,40.683,0,NaN,-37.34742587347594,-38.03864975946604,-0.16189302952076576
1603054800,40.683,41.596,40.174,40.937,0,NaN,-33.72634117312981,-32.301229616805,-0.18719613420388656
1603227600,40.937,41.299,39.444,40.342,0,NaN,-39.760815597034544,-33.37541624571593,-0.24348359043532625
1603400400,40.342,40.648,38.063,38.376,0,NaN,-47.39815602098422,-39.648468631964,-0.37061385412551756
1603746000,38.376,39.604,36.778,37.175,0,NaN,-47.223661739609376,-42.13807686108445,-0.359245036894194
1603918800,37.175,37.559,34.746,35.587,0,NaN,-41.192001540561414,-40.319764504119675,-0.19572333328029132
1604268000,35.587,38.163,33.501,37.991,0,NaN,-42.91512447536659,-41.78385514784024,-0.1268847483441887
1604440800,37.991,39.217,37.113,38.39,0,NaN,-48.37910018860397,-43.39683487009237,-0.059750902099721497
1604613600,38.39,41.217,36.944,39.737,0,NaN,-39.65857155638544,-34.59000575746204,0.05318958311130051
1604959200,39.737,42.966,39.319,41.329,0,NaN,-41.26135278291169,-34.76971973013288,0.05554758389972157
1605132000,41.329,42.105,40.01,40.068,0,NaN,-44.00663984876067,-36.97455648529303,-0.02715031422726742
1605477600,40.068,42.053,40.068,41.347,0,NaN,-42.83904610066587,-34.38368154716559,0.06591054174213501
1605650400,41.347,42.432,41.027,41.657,0,NaN,-39.34761482798793,-32.51074271880604,0.12766160488940456
1605823200,41.657,43.13,41.379,42.637,0,NaN,-30.241553344702183,-23.956705673943357,0.20137110200809313
1606168800,42.637,46.038,42.625,45.643,0,NaN,-17.726821795725495,-10.971705128651891,0.3617493355362836
1606341600,45.643,45.874,44.36,45.335,0,NaN,-14.874045873454484,-4.839370604506385,0.5558444338363867
1606687200,45.335,45.631,43.966,44.239,0,NaN,-26.42525119619959,-15.950783604726787,0.5791258077832782
1606860000,44.239,45.758,43.763,45.489,0,NaN,-23.1024572282949,-14.00632174674351,0.6157007814433523
1607032800,45.489,46.529,45.238,45.521,0,NaN,-26.007540096077225,-18.89818626672462,0.6016168350684498
1607378400,45.521,46.142,44.853,45.593,0,NaN,-30.708034568819812,-22.96587235076449,0.6176174602178655
1607551200,45.593,47.639,45.436,46.467,0,NaN,-26.69069825501402,-16.96742861823147,0.6756949024044725
1607896800,46.467,47.682,45.644,47.544,0,NaN,-26.86324706516297,-18.264216636312113,0.8088892319148826
1608069600,47.544,48.555,47.131,48.344,0,NaN,-26.5675513354966,-16.902095492944987,0.8745998340673774
1608242400,48.344,49.201,46.062,47.661,0,NaN,-31.16639042351777,-20.6601717949557,0.8563890239266906
1608588000,47.661,48.308,45.974,47.881,0,NaN,-37.90252984550305,-28.528303161150735,0.8438067704771898
1608760800,47.881,48.431,47.387,48.126,0,NaN,-35.91087993230823,-28.402410736319624,0.8041353557523141
1609106400,48.126,48.808,47.352,47.948,0,NaN,-33.83343380055901,-26.400234018596763,0.7805789636053175
1609279200,47.948,48.514,47.466,48.295,0,NaN,-36.831495424050026,-28.581855735493928,0.7918500389309444
1609452000,48.295,49.712,47.071,47.249,0,NaN,-39.80403350087159,-32.54712019369863,0.7609206615156009
1609797600,47.249,50.836,47.147,50.418,0,NaN,-33.16190323418133,-32.90840390517126,0.7865948562594973
1609970400,50.418,52.658,50.299,52.623,0,NaN,-28.2635393800021,-29.937393839824434,0.8358188062142233
1610316000,52.623,53.376,51.439,53.227,0,NaN,-28.65814348723415,-32.39870653497975,0.8747999833344244
1610488800,53.227,53.868,52.2,53.676,0,NaN,-29.239098571426553,-33.97370881601098,0.8614763813799236
1610661600,53.676,53.791,51.734,52.052,0,NaN,-31.148633195365097,-37.46560865795261,0.8503717359268108
1611007200,52.052,53.751,52.052,52.881,0,NaN,-30.643565621457356,-35.74823146621833,0.8318462928732424
1611180000,52.881,53.33,51.364,51.919,0,NaN,-33.15072386805934,-37.863704142148876,0.8285813359325234
1611525600,51.919,53.178,51.751,52.693,0,NaN,-31.283198844542433,-35.31495493420752,0.8087419122216073
1611698400,52.693,53.508,51.785,52.038,0,NaN,-31.16758610997322,-38.57143685341971,0.7952017739520733
1611871200,52.038,53.685,51.598,53.486,0,NaN,-24.236994688484334,-32.271442756519356,0.7506974032985738
1612216800,53.486,56.278,53.416,55.898,0,NaN,-25.477257722974016,-36.317955721726484,0.5679233813596742
1612389600,55.898,57.242,55.251,57.045,0,NaN,-52.784718457834906,-60.558534458065985,0.4419915713643671
1612735200,57.045,58.58,56.973,58.364,0,NaN,-53.22106036810038,-57.72750889483494,0.3674742744692854
1612908000,58.364,58.873,57.807,57.882,0,NaN,-64.25507097616172,-66.66879290570395,0.3564161574089958
1613080800,57.882,60.924,57.381,60.096,0,NaN,-57.47328025652452,-58.59026864183387,0.3157783165063294
1613426400,60.096,61.711,59.319,61.706,0,NaN,-55.26431109943534,-56.96500656732775,0.2633624472026724
1613599200,61.706,62.249,58.615,59.043,0,NaN,-60.15602540271071,-61.82106366132946,0.32236655154094696
1613944800,59.043,63.014,58.856,61.215,0,NaN,-58.986602681521234,-57.75744132095991,0.38382253743853534
1614117600,61.215,63.83,60.983,63.49,0,NaN,-51.91445965157861,-49.76259571907411,0.4435249359297061
1614290400,63.49,63.587,59.979,60.231,0,NaN,-55.46031646396911,-57.8145034035999,0.3718187160180742
1614636000,60.231,62.008,59.258,61.07,0,NaN,-59.77803026846783,-58.375700719625584,0.45929868242038374
1614808800,61.07,66.425,60.542,66.272,0,NaN,-34.63304081593611,-43.26753713473574,0.16500396077909651
1615154400,66.272,67.986,63.654,63.819,0,NaN,-45.737774714463626,-58.527739346256595,0.1042435855967186
1615327200,63.819,66.213,63.149,65.92,0,NaN,-37.40820269256807,-49.818089285767684,0.0035999371816392268
1615500000,65.92,66.408,64.143,65.29,0,NaN,-49.265016895357036,-59.918113611541756,-0.1801904000024088
1615842000,65.29,65.43,63.599,64.431,0,NaN,-34.22700816288342,-52.18262147038345,-0.3013330531328069
1616014800,64.431,64.849,58.273,61.455,0,NaN,-31.608204111813826,-49.25758018690138,-0.32058384554871927
1616360400,61.455,62.005,57.231,57.376,0,NaN,-60.5628940972137,-83.01017205383769,-0.18591358554118342
1616533200,57.376,61.308,57.269,58.32,0,NaN,-59.313216472982354,-91.9919758843981,-0.038180487670359184
1616706000,58.32,61.742,58.3,61.583,0,NaN,-26.158977890826932,-50.179173594468224,-0.039548486237798594
1617051600,61.583,62.243,58.836,59.418,0,NaN,-19.459039316495886,-64.23379499662433,-0.0019336947577330008
1617224400,59.418,61.726,58.856,61.243,0,NaN,-54.82795014958861,-80.95281263813065,0.02528674130238207
1617570000,61.243,61.389,57.613,59.186,0,NaN,-60.33803711306828,-75.85090922566116,0.09978494338575951
1617742800,59.186,60.029,58.102,59.776,0,NaN,-63.01718029294988,-85.08421130157934,0.20150261056678323
1617915600,59.776,60.757,58.717,59.622,0,NaN,-59.24064793004199,-81.3824326028795,0.26458074569166473
1618261200,59.622,63.429,59.622,62.739,0,NaN,-28.25826002980854,-52.171790188473054,0.25888263862099914
1618434000,62.739,63.862,62.532,63.052,0,NaN,-6.437769998453282,-25.154083420998248,0.38688985607276316
1618779600,63.052,64.32,61.434,62.341,0,NaN,25.656639429667266,3.572825728719721,0.4881567988136099
1618952400,62.341,62.504,60.558,61.598,0,NaN,-1.4940485800179424,-5.156234910156023,0.4879052519451867
1619125200,61.598,62.369,60.617,61.919,0,NaN,-27.6515275218556,-28.44561148263149,0.6194259399209169
1619470800,61.919,64.475,61.861,63.612,0,NaN,4.760221066753044,7.695557514582589,0.7333514850881003
1619643600,63.612,65.419,63.043,63.431,0,NaN,-13.00272900310334,-9.61630899336118,0.5182220616121122
1619989200,63.431,66.15,62.889,66.093,0,NaN,34.5582028781767,25.286249847599642,0.23708133760627217
1620162000,66.093,66.719,64.475,64.828,0,NaN,15.006147727747305,7.024051955267211,-0.0663646797172324
1620334800,64.828,65.719,63.877,64.849,0,NaN,10.849298894355123,8.846048245390541,-0.2378184925703571
1620680400,64.849,66.607,63.665,65.698,0,NaN,-9.685193008078897,-6.1260692529029015,-0.44158946180354947
1620853200,65.698,65.798,63.073,65.499,0,NaN,2.108773029517245,-14.929399395869869,-0.5084209766325555
1621198800,65.499,66.999,64.11,65.233,0,NaN,3.431875062409688,-10.000955959665568,-0.5751895637821687
1621371600,65.233,65.32,61.655,61.77,0,NaN,-17.19452178155255,-29.283186673986137,-0.5449650017549464
1621544400,61.77,66.114,61.536,66.009,0,NaN,16.590154286574695,0.8229942485864328,-0.5937749918606596
1621890000,66.009,66.494,65.228,66.115,0,NaN,1.1349510740225845,-14.698400660077866,-0.6598322076776827
1622062800,66.115,67.496,65.446,66.622,0,NaN,8.518213583199927,-11.569613608581314,-0.6985413477884626
1622408400,66.622,68.856,66.391,67.992,0,NaN,-5.255715783536706,-18.265386164711586,-0.712941046386241
1622581200,67.992,69.38,67.76,68.918,0,NaN,19.942200087636813,-1.3326568616388528,-0.751923407711853
1622754000,68.918,69.983,68.321,69.211,0,NaN,21.646334141146156,-2.2655208241406157,-0.7686445548825398
1623099600,69.211,70.614,68.454,69.748,0,NaN,19.940037474683393,-8.451462370756452,-0.7450764232787338
1623272400,69.748,71.226,68.676,70.811,0,NaN,24.52615126877368,3.370176684425502,-0.7157462471483295
1623618000,70.811,72.479,70.719,72.452,0,NaN,45.25195221270455,12.979637218575647,-0.6674388960783877
1623790800,72.452,72.98,69.771,71.048,0,NaN,71.9836821757989,25.47215441537289,-0.627914611823558
1623963600,71.048,73.591,70.152,73.394,0,NaN,44.434266378797346,-3.7212279501211967,-0.5835896245437205
1624309200,73.394,74.545,72.77,73.566,0,NaN,43.99705971728437,-0.4946347100954114,-0.5868430896514303
1624482000,73.566,74.452,72.607,74.279,0,NaN,43.41370533327043,1.4241856158215427,-0.5508717778998633
1624827600,74.279,74.697,72.204,73.684,0,NaN,28.679184113195944,-14.658287064980339,-0.589535260046115
1625000400,73.684,76.44,73.039,75.176,0,NaN,28.576263795154702,-14.859991397990584,-0.6055108400388952
1625173200,75.176,76.552,74.617,76.494,0,NaN,47.40859208383053,-5.18381047307215,-0.6378180987526684
1625518800,76.494,77.141,71.22,72.264,0,NaN,-3.9669121632875104,-40.11709106523052,-0.6208886816138914
1625691600,72.264,74.879,70.896,74.754,0,NaN,12.85231004350755,-32.63461943522741,-0.5943151646021819
1626037200,74.754,75.59,73.256,75.323,0,NaN,-3.9341395811574245,-35.28579406594698,-0.544238805744289
1626210000,75.323,75.516,71.474,71.528,0,NaN,-37.50326770432177,-51.75083940286891,-0.4624407830175691
1626382800,71.528,72.341,65.815,66.798,0,NaN,-96.50608776621414,-93.33975918041834,-0.5264647993440098
1626728400,66.798,70.768,65.271,70.5,0,NaN,-55.098774018401215,-73.25605359467161,-0.28321087409993756
1626901200,70.5,72.442,70.111,72.44,0,NaN,-47.73550292555,-63.72686251773792,-0.3338333174738745
1627246800,72.44,72.657,70.797,72.108,0,NaN,-50.792020215042264,-62.500127517457855,-0.26713152890955016
1627419600,72.108,73.876,71.912,73.609,0,NaN,-54.24201668648944,-56.62646042622572,-0.38026268583749584
1627592400,73.609,74.428,70.714,71.639,0,NaN,-79.77604642767277,-76.00581930026918,-0.23385089894298994
1627938000,71.639,72.1,67.99,68.159,0,NaN,-77.46743054876958,-73.67069216655764,-0.047722247568424275
1628110800,68.159,70.304,67.738,67.98,0,NaN,-99.99999999999999,-89.5295806748124,0.12286277595360323
1628456400,67.98,68.982,65.237,68.59,0,NaN,-88.98595817670262,-94.57187578918058,0.23853054596294113
1628629200,68.59,69.698,66.742,68.983,0,NaN,-57.14213661169864,-65.65323184712932,0.33714673741947376
1628802000,68.983,69.278,65.77,67.501,0,NaN,-34.12605627479024,-43.17685881882389,0.37306040440171173
1629147600,67.501,67.742,64.434,64.527,0,NaN,-91.10685018597319,-87.1845457808534,0.4925055173983913
1629320400,64.527,64.843,62.069,62.112,0,NaN,-100.00000000000001,-100.00000000000001,0.5815130859423872
1629666000,62.112,68.03,62.016,67.891,0,NaN,-55.59920975324627,-62.678048397804154,0.5761783611141903
1629838800,67.891,68.764,67.152,67.995,0,NaN,-72.2889816545501,-70.18944834786532,0.5733310727243729
1630011600,67.995,69.822,67.733,69.318,0,NaN,-51.22482486378725,-53.873018610437,0.5594992328396811
1630357200,69.318,69.52,67.293,68.398,0,NaN,-25.478154169787263,-34.569126384189424,0.507017626296287
1630530000,68.398,70.773,68.021,69.264,0,NaN,-13.332890134510626,-10.748967164201153,0.4209908446626806
1630875600,69.264,69.608,67.755,68.523,0,NaN,-31.541470116256995,-16.029232169579444,0.30791602743335383
1631048400,68.523,69.992,67.666,67.996,0,NaN,-35.54557317023534,-25.44008490132061,0.21284594651045344
1631221200,67.996,71.038,67.784,70.735,0,NaN,6.99159305737988,8.794025199113914,0.35515368563889915
1631566800,70.735,73.192,70.049,72.661,0,NaN,51.36237143332397,48.78922765846134,0.36936956830876255
1631739600,72.661,73.044,71.253,72.027,0,NaN,69.32024278484191,68.26677506607822,0.3910513379575015
1632085200,72.027,72.139,69.59,71.042,0,NaN,3.1280306886818963,6.6048146427497905,0.38725763825571047
1632258000,71.042,73.687,70.843,73.415,0,NaN,24.505309175029993,20.142355739849606,0.4299988187654375
1632430800,73.415,75.913,72.989,75.571,0,NaN,36.59867237346793,27.65457678931559,0.33539162827767605
1632776400,75.571,76.841,73.888,74.901,0,NaN,50.02689703595318,25.31117455424883,0.17999958325392149
1632949200,74.901,76.222,73.278,75.861,0,NaN,50.09176950865337,21.447631574895063,0.0953392906375363
1633294800,75.861,79.591,75.435,79.199,0,NaN,87.04671851274168,54.66618065994912,-0.023545260629240096
1633467600,79.199,79.887,75.062,78.953,0,NaN,87.41883793218413,58.40105815577428,-0.10755944868148218
1633640400,78.953,82.249,78.732,80.545,0,NaN,67.6784295187953,46.90050452703373,-0.1795903636285983
1633986000,80.545,81.68,79.471,80.669,0,NaN,43.41897049000845,28.970577991317718,-0.32447385025512493
1634158800,80.669,82.685,80.423,82.672,0,NaN,59.41389549567113,54.605097575056845,-0.5736341388565865
1634504400,82.672,83.892,81.641,83.035,0,NaN,64.64156886993742,68.12293114691865,-0.6444442926355427
1634677200,83.035,84.508,81.321,83.174,0,NaN,48.875045022725956,51.94844369667362,-0.6938936445009676
1634850000,83.174,85.896,82.286,84.171,0,NaN,30.990049923067673,40.234597237356475,-0.6579738215173433
1635195600,84.171,85.328,82.435,82.476,0,NaN,9.90554783766958,34.10241152983702,-0.5559250221758437
1635368400,82.476,84.129,81.019,83.604,0,NaN,18.50251142999008,40.79917083421338,-0.38494076975761726
1635714000,83.604,85.231,83.094,83.287,0,NaN,-3.7971505839923303,7.5608012092047545,-0.2858378127294608
1635886800,83.287,83.7,78.519,79.613,0,NaN,-28.690918923355405,-13.107340059735286,-0.1356699749829249
1636059600,79.613,82.875,79.222,82.406,0,NaN,-17.06847826885423,-8.85770882618311,0.042144623012426524
1636408800,82.406,85.153,80.968,81.453,0,NaN,-15.572264407177036,-11.454577706889157,0.0741509729166457
1636581600,81.453,82.487,79.916,80.811,0,NaN,-32.9609538723935,-39.36385576144661,0.21506138421142645
1636927200,80.811,81.871,79.381,80.659,0,NaN,-29.23000055522445,-44.03996558171329,0.45390092246791014
1637100000,80.659,80.738,77.193,79.057,0,NaN,-42.21427200210527,-60.22311685991938,0.6109035918488419
1637272800,79.057,80.081,75.773,77.127,0,NaN,-57.96584400147381,-79.55099007210688,0.6712388749202736
1637618400,77.127,79.85,75.919,78.935,0,NaN,-25.033664398397065,-58.1665137542862,0.651708420327838
1637791200,78.935,79.255,67.894,68.698,0,NaN,-100.00000000000003,-99.99999999999997,0.7070503986034298
1638136800,68.698,73.391,64.819,67.376,0,NaN,-100,-100.00000000000001,0.7309391419608714
1638309600,67.376,69.9,62.778,67.733,0,NaN,-74.74810825475522,-77.56120193941626,0.7817018173612639
1638482400,67.733,70.441,65.94,70.308,0,NaN,-61.754207010897886,-74.56106248954255,0.8089056301102023
1638828000,70.308,73.325,69.955,72.906,0,NaN,-53.123256857999436,-55.36133441611783,0.8226246104607017
1639000800,72.906,73.594,70.554,72.19,0,NaN,-56.829304807773084,-46.8568195189432,0.838613761347372
1639346400,72.19,73.161,69.644,70.396,0,NaN,-71.69603139736152,-57.64011578098656,0.8205656356428696
1639519200,70.396,73.077,69.498,72.084,0,NaN,-50.05901689883451,-37.148067155657984,0.7929291855009094
1639692000,72.084,72.379,66.391,69.492,0,NaN,-60.24668482436728,-38.824774151692566,0.7062951025623623
1640037600,69.492,73.409,68.825,73.288,0,NaN,-47.61312442215746,-24.48869001113207,0.6103605048147076
1640210400,73.288,74.223,72.541,74.006,0,NaN,36.477781605097036,57.30116532541978,0.4996587088448875
1640556000,74.006,77.152,72.793,76.25,0,NaN,66.48544998712318,83.70180437837216,0.45796350531028174
1640728800,76.25,77.647,75.583,76.662,0,NaN,62.6964135437057,84.40172719192276,0.4426876070157194
1640901600,76.662,77.28,75.159,75.655,0,NaN,15.977674794736643,55.62268262993529,0.393272168733147
1641160800,75.655,77.798,74.441,77.359,0,NaN,20.354317900945812,50.4326636470316,0.44658247011805835
1641333600,77.359,80.393,76.668,79.809,0,NaN,57.2119215659367,68.01474210528963,0.35375924745650855
1641506400,79.809,80.615,77.938,78.541,0,NaN,62.82361471672725,74.22827527919605,0.2859558025761733
1641852000,78.541,83.183,78.465,82.86,0,NaN,73.63787612688388,96.63583133063987,0.18067206879434544
1642024800,82.86,84.486,81.469,84.35,0,NaN,100,100,0.003118416386483553
1642370400,84.35,86.62,83.581,86.535,0,NaN,82.71139204214062,86.15412396041249,-0.194737579608543
1642543200,86.535,87.725,84.791,85.088,0,NaN,71.4251233620162,68.19731729841884,-0.3088767955268537
1642716000,85.088,86.64,82.418,84.597,0,NaN,50.90118456822371,49.32993515971074,-0.414832956103782
1643061600,84.597,88.457,83.49,87.674,0,NaN,72.83927431770185,62.651628745276554,-0.5552203705509945
1643234400,87.674,89.311,86.687,87.788,0,NaN,94.96223388314544,64.06397172568937,-0.7683918807410475
1643580000,87.788,89.269,86.747,88.737,0,NaN,81.13588728984035,59.82256938329251,-0.8213104951135426
1643752800,88.737,90.813,87.116,90.542,0,NaN,62.48754925677173,60.115285800687644,-0.8366101212381881
1643925600,90.542,93.53,90.436,91.919,0,NaN,88.56213633423816,78.8264949703102,-0.8678283263092156
1644271200,91.919,91.923,88.668,90.27,0,NaN,47.60578825976869,39.72694328176652,-0.8440081324621209
1644444000,90.27,94.881,89.26,94.101,0,NaN,53.198660893861415,46.926851855194364,-0.8062130135722837
1644789600,94.101,95.981,90.802,92.298,0,NaN,29.35696255982665,21.911963916535235,-0.738200694817466
1644962400,92.298,95.142,90.121,91.892,0,NaN,31.923477922751644,32.86265894649434,-0.6254594048679332
1645135200,91.892,94.67,89.268,94.542,0,NaN,50.621766152117075,48.96709524380686,-0.4178794796852969
1645480800,94.542,96.663,92.234,93.858,0,NaN,19.619199057075193,29.031923276824656,-0.1418836192416054
1645653600,93.858,102.221,91.509,93.378,0,NaN,4.409340920359277,31.344227167412377,0.09621620292159896
1645999200,93.378,108.225,93.378,107.714,0,NaN,91.76599498890265,94.33006496568767,0.5402954687410215
1646172000,107.714,117.991,106.544,109.364,0,NaN,88.06155700041931,84.9802725539025,0.7299766503726325
1646344800,109.364,131.306,108.518,121.5,0,NaN,100,100,0.8648993615818482
1646690400,121.5,130.611,104.491,110.488,0,NaN,59.72438986690409,56.266206281664424,0.9067434813492841
1646863200,110.488,115.768,105.278,109.885,0,NaN,37.141783122678106,39.3269517853192,0.9174776329982431
1647205200,109.885,109.987,93.974,95.583,0,NaN,-19.660649641269515,-13.584154437504274,0.9108526117512101
1647378000,95.583,104.191,94.438,103.544,0,NaN,15.430703815192729,19.34122417367324,0.9038043020830178
1647550800,103.544,112.491,102.414,112.341,0,NaN,41.525064429616336,49.36928748497054,0.9049491874305078
1647896400,112.341,116.796,108.448,115.752,0,NaN,58.069269701416175,64.82239300664895,0.9122157110536826
1648069200,115.752,118.036,109.901,113.888,0,NaN,50.65644957724311,59.60794975825674,0.9254185856166975
1648414800,113.888,113.888,99.414,106.178,0,NaN,-54.792464920279144,-30.70675445513276,0.9037469259854931
1648587600,106.178,109.749,100.525,102.028,0,NaN,-72.34643459431632,-46.54510960312197,0.87280771332309
1648760400,102.028,104.656,98.606,104.386,0,NaN,-99.99999999999999,-73.48905959467328,0.839056438316399
1649106000,104.386,106.312,96.314,97.582,0,NaN,-87.55849292868041,-60.833323780216475,0.730112560719134
1649278800,97.582,99.386,94.341,98.378,0,NaN,-80.18700346369961,-63.767439640827995,0.6670918139029175
1649624400,98.378,101.697,93.308,101.331,0,NaN,-14.934877015175179,4.50833119525236,0.5763045949457425
1649797200,101.331,107.917,100.203,106.739,0,NaN,-13.59398150003527,-8.996197093087913,0.5052381116953826
1649970000,106.739,109.875,106.121,107.658,0,NaN,-44.34743807034948,-41.991732915889614,0.4135848091502617
1650315600,107.658,109.026,100.473,103.039,0,NaN,-64.93919643529308,-69.03039190207619,0.3315522480506628
1650488400,103.039,106.017,101.617,102.301,0,NaN,-60.29683514376054,-63.84822875890463,0.20807002596036805
1650834000,102.301,103.269,95.754,102.221,0,NaN,-20.79876189717973,-42.62473492434877,0.2717404002718011
1651006800,102.221,106.13,100.258,105.631,0,NaN,12.18054876394335,-20.610366067308846,0.247865845356733
1651179600,105.631,108.432,100.634,105.459,0,NaN,6.743964469245977,-30.795480965091357,0.1810200706361284
1651525200,105.459,108.95,102.45,107.87,0,NaN,45.346899471914014,7.232520900446069,0.13438632025484226
1651698000,107.87,111.697,106.766,110.857,0,NaN,52.16130898741294,16.93206705888931,0.04548906243011551
1652043600,110.857,110.857,99.081,99.589,0,NaN,-2.7266751367939506,-38.15406493579589,0.07628117667644484
1652216400,99.589,107.537,98.394,106.801,0,NaN,3.0934075117026794,-29.961958801388327,0.037775747285882795
1652389200,106.801,114.987,106.461,113.919,0,NaN,29.73509295553776,-10.139354083242212,-0.15370612258911487
1652734800,113.919,115.636,108.874,109.668,0,NaN,24.706580751626653,-0.48704892080114703,-0.3708579616280364
1652907600,109.668,113.799,105.914,113.03,0,NaN,39.269403984010864,16.302878425992688,-0.5616899733158192
1653253200,113.03,114.493,111.004,112.665,0,NaN,23.468723323758503,22.338803843310288,-0.5928442928425377
1653426000,112.665,117.151,111.533,116.563,0,NaN,22.17211383490102,27.50787768239931,-0.5816246021103468
1653598800,116.563,119.198,115.064,118.962,0,NaN,26.673365455147355,38.591735335943035,-0.5611188376450379
1653944400,118.962,121.955,116.008,116.584,0,NaN,4.807724325689421,22.012141037661642,-0.4915896354068974
1654117200,116.584,122.123,112.869,121.952,0,NaN,11.534035625493395,27.49057379849622,-0.40169869146777415
1654462800,121.952,122.485,118.42,121.049,0,NaN,52.205685760849065,73.55894474306685,-0.32092044931492897
1654635600,121.049,124.415,120.579,122.549,0,NaN,29.72224037259555,47.02702462193801,-0.3506279972580379
1654808400,122.549,123.816,118.219,121.813,0,NaN,4.853727506406088,15.744077462436202,-0.4133478097787353
1655154000,121.813,124.375,115.141,116.338,0,NaN,3.8989448000595033,0.9295493128050509,-0.3358851115622729
1655326800,116.338,119.271,108.856,111.317,0,NaN,-23.545029855132878,-31.522733487897547,-0.23018271688839193
1655672400,111.317,113.405,109.081,111.854,0,NaN,-17.393760047680196,-29.19957720208614,-0.14593995155846462
1655845200,111.854,111.927,103.534,105.946,0,NaN,-54.882052817726034,-60.131615667305574,-0.03459479595342019
1656018000,105.946,112.302,105.537,111.573,0,NaN,-38.887780720766344,-50.287034920228464,0.026037131526613397
1656363600,111.573,115.693,110.8,111.223,0,NaN,-28.423380139928383,-45.2184616614569,0.22675659347402885
1656536400,111.223,112.032,105.97,109.856,0,NaN,-49.81137269336742,-63.437909786052664,0.32131804532234687
1656882000,109.856,112.652,98.451,100.598,0,NaN,-72.20047328099504,-92.09707731725129,0.5559689918161248
1657054800,100.598,105.424,96.044,103.018,0,NaN,-78.30225368752826,-94.72408262594372,0.5955087150801814
1657227600,103.018,106.113,101.553,104.09,0,NaN,-76.56548964329383,-87.98572993120507,0.6529012135265508
1657573200,104.09,104.09,94.089,96.859,0,NaN,-85.09121436949593,-92.71347548223014,0.7193738243797212
1657746000,96.859,99.388,90.952,97.87,0,NaN,-68.6297780913837,-73.94660853304532,0.7365203840695056
1658091600,97.87,103.942,96.042,103.356,0,NaN,-55.68030223430456,-58.58102855949882,0.7700365494425709
1658264400,103.356,103.582,97.232,99.206,0,NaN,-50.793244588800334,-50.52033919561117,0.7389094421722024
1658437200,99.206,100.606,95.3,98.773,0,NaN,-75.85129627520826,-71.39188692526409,0.6869515690852104
1658782800,98.773,101.326,96.44,100.283,0,NaN,-72.87940604358991,-62.16986330725438,0.6285703829009163
1658955600,100.283,103.993,98.113,100.302,0,NaN,-68.41983000868444,-56.92153982161632,0.5435119637928487
1659301200,100.302,100.44,94.109,95.432,0,NaN,-55.93479555929024,-40.95499511161874,0.441908497290392
1659474000,95.432,98.16,88.932,89.133,0,NaN,-92.67665907232971,-67.93132643142806,0.24349466219740604
1659646800,89.133,92.09,88.31,91.574,0,NaN,-92.70498921000417,-58.08636289209684,0.148940609983679
1659992400,91.574,93.681,88.581,92.475,0,NaN,-64.79288051336137,-28.290921759478643,-0.12368742347441561
1660165200,92.475,95.949,91.967,92.636,0,NaN,-69.7973307575722,-27.245537049773155,-0.36233245580774825
1660510800,92.636,92.718,86.176,87.634,0,NaN,-99.12132515639665,-66.98841815991179,-0.5568273755885768
1660683600,87.634,91.788,86.288,90.746,0,NaN,-62.91747259063827,-48.99820532166411,-0.6022664871046088
1660856400,90.746,92.427,86.929,91.254,0,NaN,-52.743478313865836,-48.18617712306171,-0.676477495413498
1661202000,91.254,96.036,91.138,96.016,0,NaN,-37.63130069472615,-42.37399298855486,-0.7092069959172973
1661374800,96.016,96.372,91.672,93.578,0,NaN,-47.41037452327071,-50.70502067466723,-0.6578129782171924
1661720400,93.578,98.187,91.03,92.815,0,NaN,-32.265474294181914,-37.75791927162912,-0.6466944876646392
1661893200,92.815,93.214,86.395,86.769,0,NaN,-23.76092166065122,-36.018453339668994,-0.5673556577169063
1662066000,86.769,90.733,86.768,89.204,0,NaN,-23.572087054197933,-45.06281969806261,-0.41568718964358514
1662411600,89.204,89.804,81.793,81.913,0,NaN,-52.72076614243828,-79.5841445686426,-0.19271143427895923
1662584400,81.913,87.436,81.451,86.359,0,NaN,-30.904972443428882,-63.900042161422824,-0.0568264518094005
1662930000,86.359,89.462,85.229,87.78,0,NaN,-15.199560997276524,-29.080169855295942,0.186801435817837
1663102800,87.78,90.326,84.652,85.207,0,NaN,-40.114811395311065,-55.89283122146654,0.3364235285373873
1663275600,85.207,86.688,82.181,85.469,0,NaN,-42.7140105740407,-53.4509493318666,0.41161397807005684
1663621200,85.469,87.106,82.914,83.45,0,NaN,-69.099560633677,-76.32291167083022,0.43615811447299646
1663794000,83.45,86.405,78.436,79.75,0,NaN,-73.75545701964342,-88.6841167559674,0.5795628388759295
1664139600,79.75,80.637,76.571,78.265,0,NaN,-68.30860724618142,-100,0.741857828932649
1664312400,78.265,83.244,76.849,81.907,0,NaN,-33.39235411923143,-54.602335821098066,0.7493315716305979
1664485200,81.907,84.809,79.418,83.561,0,NaN,-28.858954771725557,-52.26618226619282,0.7535661261820281
1664830800,83.561,88.654,83.485,88.28,0,NaN,23.42053230789916,13.097757002806276,0.6804489991913685
1665003600,88.28,93.511,87.263,93.441,0,NaN,32.173480218636946,5.018697931648045,0.32918585380741666
1665349200,93.441,93.794,88.056,88.726,0,NaN,16.253147513539353,-31.711954969571842,0.20383223926706853
1665522000,88.726,90.198,85.672,89.321,0,NaN,25.478582802285175,-12.4159816101203,0.09330719063403797
1665694800,89.321,89.826,84.674,85.689,0,NaN,9.076042668510226,-30.15370093233705,0.06769345301715082
1666040400,85.689,86.542,82.117,85.509,0,NaN,11.732370947478067,-15.432396001929554,-0.016854984957058557
1666213200,85.509,87.894,83.862,85.843,0,NaN,31.95174591941514,6.578887245461363,-0.14897222601046348
1666558800,85.843,86.661,83.288,85.567,0,NaN,25.712704304099887,26.1122883685643,-0.3084623283933584
1666731600,85.567,90.406,84.777,89.177,0,NaN,15.916893845831673,27.194619516073402,-0.3528632101204736
1666904400,89.177,89.35,85.799,86.726,0,NaN,-8.652636881823284,1.5599166212875204,-0.4519627081587526
1667250000,86.726,90.832,86.406,89.812,0,NaN,-10.464135281704603,-16.54907206222118,-0.45066068877272236
1667422800,89.812,93.284,88.052,93.011,0,NaN,-19.36472007605712,-22.541393794507883,-0.4827627769800894
1667772000,93.011,94.117,88.858,89.009,0,NaN,-35.85821521792862,-6.44268898603792,-0.520687051461769
1667944800,89.009,89.519,85,86.48,0,NaN,-48.69761141005277,-21.2559139055801,-0.5153081835837982
1668117600,86.48,90.365,85.333,85.398,0,NaN,-62.121993065168176,4.937178800863901,-0.5141970235920476
1668463200,85.398,88.83,84.23,85.431,0,NaN,-58.057825227488024,1.6005520718839499,-0.4599254196562332
1668636000,85.431,85.554,78.203,80.893,0,NaN,-77.93864638944832,-19.467263839518562,-0.4808551584224368
1668981600,80.893,82.927,75.817,81.67,0,NaN,-64.47857675924206,-21.691751889904538,-0.5310323232422127
1669154400,81.67,82.507,77.348,78.47,0,NaN,-92.96542072005607,-52.92312128320424,-0.6124801558101123
1669327200,78.47,80.395,74.015,76.964,0,NaN,-89.62661701249759,-46.29038227116097,-0.6617177806240084
1669672800,76.964,81.789,76.711,80.899,0,NaN,-94.43036525282639,-40.66364661642986,-0.7008402781694405
1669845600,80.899,83.734,80.03,80.681,0,NaN,-100.00000000000001,-46.45565207134423,-0.7405525533230167
1670191200,80.681,83.037,73.695,74.726,0,NaN,-91.72893533293212,-61.989544661151164,-0.7753148466515377
1670364000,74.726,75.661,71.351,72.039,0,NaN,-100.00000000000001,-66.83043520985586,-0.8081262177338145
1670536800,72.039,74.153,70.309,73.477,0,NaN,-62.98430231856095,-63.18888953428738,-0.8493597188918558
1670882400,73.477,77.931,73.367,77.59,0,NaN,-43.12064500868299,-42.29789741079554,-0.857518693019816
1671055200,77.59,77.988,73.564,74.81,0,NaN,-31.87874183004366,-27.59187579124248,-0.8705056448901531
1671400800,74.81,77.073,74.169,76.161,0,NaN,-33.352180764689,-23.27485267463018,-0.8815284819175047
1671573600,76.161,80.015,75.938,78.356,0,NaN,9.799810991236622,2.82592925464955,-0.872995230815309
1671746400,78.356,80.451,78.124,79.473,0,NaN,19.89366123880705,16.436892626755302,-0.8680846477134486
1672092000,79.473,81.293,77.413,78.974,0,NaN,1.4658259785027763,-5.80248556056097,-0.8390365410483311
1672264800,78.974,80.673,76.905,80.582,0,NaN,9.169727669342878,2.953454948678351,-0.7442047246218798
1672610400,80.582,81.572,76.695,77.306,0,NaN,17.936285818902203,14.702417221549045,-0.6591528708760963
1672783200,77.306,77.485,72.519,73.994,0,NaN,18.284358352161192,12.60111352111187,-0.5706323859966318
1672956000,73.994,76.78,73.31,74.922,0,NaN,9.186940723236077,7.307813826201144,-0.5132991937741542
1673301600,74.922,77.856,73.89,77.745,0,NaN,7.491037561040674,3.5490655157476905,-0.4149264883153545
1673474400,77.745,80.137,77.143,80.082,0,NaN,26.072379639860685,33.459320666489205,-0.2070860960199777
1673820000,80.082,81.25,78.554,81.053,0,NaN,20.473464592948474,33.994585019927165,0.1360482568349474
1673992800,81.053,82.399,78.221,80.594,0,NaN,6.198187009836153,14.546097953322203,0.2439719062254329
1674165600,80.594,82.412,79.677,81.401,0,NaN,-3.6274685331080114,16.140058973435295,0.3580209366709521
1674511200,81.401,82.009,79.254,80.224,0,NaN,-7.98229570760855,11.58886146699863,0.4800098002688021
1674684000,80.224,82.286,78.866,79.231,0,NaN,-19.242736356980785,-4.512715551994791,0.544765718958653
1675029600,79.231,80.318,76.411,78.885,0,NaN,3.849096477253079,9.260888307472497,0.5214028765939817
1675202400,78.885,79.577,74.835,75.85,0,NaN,7.116901156626774,19.223997708240066,0.44271520181308577
1675375200,75.85,77.866,72.155,74.354,0,NaN,7.954784928272597,-4.865340963366328,0.41121174625802065
1675720800,74.354,78.482,74.255,78.393,0,NaN,13.530486777050427,-2.6676024886998935,0.4147758746263473
1675893600,78.393,80.241,76.44,79.706,0,NaN,13.436476968146716,-12.180337584852774,0.3519765278620141
1676239200,79.706,80.555,77.51,78.823,0,NaN,-2.315436643906315,-22.571443860304743,0.2970566755385017
1676412000,78.823,79.55,77.272,78.097,0,NaN,-2.4948924076792167,-26.870797837869073,0.31909197698725356
1676584800,78.097,78.298,75.139,77.228,0,NaN,-5.474007330765861,-37.513942925454806,0.39454606104265305
1676930400,77.228,77.456,73.652,73.727,0,NaN,-11.634954088035663,-53.007837465255676,0.4885588174592397
1677103200,73.727,76.473,73.673,76.319,0,NaN,14.697945223215788,-34.963182702137175,0.5726230172473791
1677448800,76.319,77.698,74.868,76.697,0,NaN,20.246950417244626,-29.144223551155584,0.5833828623965263
1677621600,76.697,78.474,76.016,77.762,0,NaN,47.07537473372133,-8.887242558205234,0.4948046190936197
1677794400,77.762,80.532,75.734,80.393,0,NaN,60.48718530821163,24.48481404059277,0.380210622246673
1678140000,80.393,80.843,76.038,76.399,0,NaN,23.371443921560214,-27.040071047270406,0.41949899705716404
1678312800,76.399,77.972,74.709,76.596,0,NaN,15.59072603772401,-32.85166515222768,0.4337508143035839
1678654800,76.596,77.407,70.746,71.467,0,NaN,-3.3717938159792737,-40.304168144795845,0.46387305016343927
1678827600,71.467,72.509,65.659,68.207,0,NaN,-25.573340269134242,-55.07782151620367,0.49825059672944094
1679000400,68.207,69.641,64.21,67.654,0,NaN,-31.317839916078235,-48.13670742061609,0.4468521305261522
1679346000,67.654,71.146,66.753,69.745,0,NaN,8.96432559775399,0.17778056982328394,0.39725991163508945
1679518800,69.745,71.51,66.685,69.097,0,NaN,-19.179868712375523,-18.382359635126832,0.38688698536810745
1679864400,69.097,73.794,68.999,73.465,0,NaN,7.356794938471644,12.919495231916,0.34485332782837175
1680037200,73.465,74.474,72.494,74.235,0,NaN,4.245259309694681,11.090551264917902,0.38357463986276563
1680210000,74.235,81.398,73.664,80.33,0,NaN,30.975679633682226,39.970808238318895,0.32027402260887977
1680555600,80.33,81.693,79.511,80.248,0,NaN,39.186500028163216,83.73843173100342,0.12859955209191742
1680728400,80.248,80.871,79.556,80.384,0,NaN,44.11019809290971,80.0125418805512,-0.058787259748551944
1681074000,80.384,81.533,79.323,81.414,0,NaN,100,100,-0.3170936327898579
1681246800,81.414,83.478,81.232,82.376,0,NaN,100,100,-0.4461983493195308
1681419600,82.376,83.085,80.473,80.958,0,NaN,100,90.81301605015713,-0.6139123332854667
1681765200,80.958,81.528,78.552,79.027,0,NaN,64.68419704264846,59.356867381809025,-0.6320954268070818
1681938000,79.027,79.062,76.737,77.967,0,NaN,62.261220872642575,53.6723607885894,-0.6479731655493609
1682283600,77.967,79.181,76.526,77.126,0,NaN,26.272174202889833,21.811576956565656,-0.6808263590091688
1682456400,77.126,77.931,74.04,74.825,0,NaN,15.58302472517832,1.450313777301103,-0.6766431781133871
1682629200,74.825,76.93,73.945,75.744,0,NaN,-16.90635203325088,-29.321903565117275,-0.7464227146055405
1682974800,75.744,76.119,67.964,68.129,0,NaN,-60.89476699069394,-77.08230228438723,-0.7207133027024663
1683147600,68.129,71.798,63.668,71.338,0,NaN,-49.16107157587731,-56.191950126003235,-0.6904421479909046
1683493200,71.338,73.783,71.048,73.528,0,NaN,-51.04029916102121,-45.71276725553251,-0.6715407232321964
1683666000,73.528,73.882,70.637,71.427,0,NaN,-62.87528600173539,-67.15934625979926,-0.6165964203689402
1683838800,71.427,71.767,69.411,71.306,0,NaN,-46.52706008532407,-66.0997052980596,-0.49312755510275535
1684184400,71.306,73.252,70.046,72.673,0,NaN,-27.755311935547702,-47.200629337697706,-0.3145759356123102
1684357200,72.673,73.509,71.141,71.841,0,NaN,-22.65161802859229,-50.469113951184525,-0.11271908946162978
1684702800,71.841,73.755,70.635,73.72,0,NaN,-12.445490316311925,-35.45304034120407,0.00762973901979167
1684875600,73.72,74.686,70.974,71.774,0,NaN,-9.54695526786557,-36.45008616288931,0.15368555574268772
1685048400,71.774,73.523,71.455,72.994,0,NaN,-4.689999287258013,-34.977224174130455,0.10753758154625537
1685394000,72.994,73.334,67.009,67.559,0,NaN,13.862495698829376,-20.833280044593465,0.26435843817109544
1685566800,67.559,72.15,67.489,71.85,0,NaN,15.101256130004716,-13.669355817962884,0.28814187344047815
1685912400,71.85,74.302,70.106,71.421,0,NaN,0.008259016017851728,-31.903884049327555,0.3601167478344887
1686085200,71.421,73.263,69.019,70.919,0,NaN,6.338880860986535,-22.158814720300963,0.2974918186174614
1686258000,70.919,71.76,66.791,67.33,0,NaN,-28.94503222237843,-36.299253608379175,0.2666808608848686
1686603600,67.33,70.469,67.146,68.69,0,NaN,-30.94133291949033,-35.42516524717209,0.12994401754098706
1686776400,68.69,71.857,67.984,71.483,0,NaN,-16.952431133886076,-3.1416673557308945,-0.002440754946384936
1687122000,71.483,72.229,69.626,70.745,0,NaN,-31.04535706180453,-22.544292191786873,-0.08852378094416988
1687294800,70.745,72.565,68.802,69.412,0,NaN,-30.785731692728874,-14.253001464891984,-0.07043720700509656
1687467600,69.412,69.96,67.229,69.416,0,NaN,-30.44246478477836,-23.766455221426302,0.008895372423241366
1687813200,69.416,70.032,66.947,69.031,0,NaN,0.38320354058058914,9.78529303526821,0.2356265165348116
1687986000,69.031,70.942,68.835,70.344,0,NaN,-6.117623753075829,-15.799202687473166,0.23922308239966206
1688331600,70.344,71.679,69.613,70.942,0,NaN,1.2026687740259345,-19.626761001471817,0.15110750695332717
1688504400,70.942,72.268,70.151,71.826,0,NaN,16.705369957599785,-11.10644109732325,0.10449917988773805
1688677200,71.826,74.098,71.125,73.165,0,NaN,50.9683578794509,29.307339482153992,0.047374800863768135
1689022800,73.165,76.097,72.933,75.808,0,NaN,54.57978268776231,39.547297912457594,0.0753890568104999
1689195600,75.808,77.298,75.083,75.239,0,NaN,33.12828514287977,17.30006427131289,0.18694940237478297
1689541200,75.239,76.057,73.827,75.808,0,NaN,44.08408437221607,28.612422025690066,0.22680414633672
1689714000,75.808,76.932,74.583,75.773,0,NaN,50.747527890043344,34.457513390844326,0.22717467156767138
1689886800,75.773,79.338,75.763,78.968,0,NaN,66.48935238319505,58.01557147869897,0.14592681999282106
1690232400,78.968,79.957,78.346,78.983,0,NaN,67.88634228546994,57.970150699026675,0.07692170793953011
1690405200,78.983,80.761,78.923,80.72,0,NaN,73.55395243919524,61.7242753589552,-0.07598644131238247
1690750800,80.72,82.262,80.175,82.202,0,NaN,85.89168562019604,65.30978313775495,-0.20714529805545115
1690923600,82.202,82.472,78.742,81.768,0,NaN,77.30808404925136,53.21737187007493,-0.3027226560915866
1691096400,81.768,83.331,81.556,82.514,0,NaN,73.96580957551511,45.20711109735785,-0.2954052104439931
1691442000,82.514,84.676,79.956,84.255,0,NaN,76.68750431210765,31.61595430708342,-0.291526081547021
1691614800,84.255,84.924,82.363,83.026,0,NaN,79.25691358430569,17.49630479628572,-0.31250488165135093
1691960400,83.026,83.09,80.507,81.117,0,NaN,63.686100429459024,-2.5781878355497128,-0.3047757081396969
1692133200,81.117,81.499,79.112,80.091,0,NaN,59.933798874612016,-8.145322686132099,-0.31648488051044554
1692306000,80.091,82.204,79.522,80.649,0,NaN,38.8724438758061,-21.946296601332794,-0.41425318884240386
1692651600,80.649,80.815,78.035,78.966,0,NaN,27.24384084409893,-32.41908541569963,-0.5528728773687137
1692824400,78.966,80.83,77.991,80.403,0,NaN,20.414277322683752,-34.23919436759678,-0.6214093116968917
1693170000,80.403,81.734,79.695,81.639,0,NaN,11.951488837313653,-35.68917717898963,-0.6744316178275718
1693342800,81.639,83.994,81.205,83.897,0,NaN,23.38264780445287,-10.725857316685977,-0.7286405855270655
1693515600,83.897,86.395,83.776,86.233,0,NaN,34.3371221852084,-9.294121645823175,-0.7210678788788533
1693861200,86.233,88.312,85.265,87.804,0,NaN,37.092262098915164,-11.039846002985742,-0.6906519136110838
1694034000,87.804,88.145,86.364,87.42,0,NaN,39.286106191233074,-6.80869428360387,-0.6308025324790372
1694379600,87.42,89.496,86.875,88.907,0,NaN,54.01279862883004,20.949759913382266,-0.5486070271420688
1694552400,88.907,90.9,88.407,90.83,0,NaN,60.740200935416155,40.572373558006696,-0.45118490628206726
1694725200,90.83,91.999,89.325,91.617,0,NaN,60.41885658434356,38.52618555798877,-0.44897777437072484
1695070800,91.617,93.054,89.554,89.811,0,NaN,64.12778178765403,40.96381694091849,-0.4287254782486241
1695243600,89.811,91.881,88.941,90.884,0,NaN,58.80070234303879,38.4814964381158,-0.4356669274467965
1695589200,90.884,91.328,88.665,91.016,0,NaN,54.65559572776476,27.852252907422397,-0.49220269267567174
1695762000,91.016,95.501,90.89,92.243,0,NaN,51.611852591878076,12.181199747247732,-0.5237236936778671
1695934800,92.243,93.522,88.807,88.976,0,NaN,4.320490049772673,-14.183370897503444,-0.5088901949018472
1696280400,88.976,90.602,84.459,84.743,0,NaN,-30.984397980250876,-49.60487152603888,-0.4977780912002076
1696453200,84.743,85.202,81.769,83.076,0,NaN,-46.248862218720774,-52.67368408993518,-0.49161256497004474
1696798800,83.076,87.459,83.076,86.036,0,NaN,-35.264239431401265,-45.01087018445483,-0.49593933276099356
1696971600,86.036,86.589,83.055,84.041,0,NaN,-60.57212585648526,-64.39219599644815,-0.5168889460561789
1697144400,84.041,88.625,83.916,87.284,0,NaN,-31.34043211859471,-51.69352212478539,-0.5578796401190915
1697490000,87.284,90.187,85.965,88.704,0,NaN,-14.227437539057158,-32.755063821885855,-0.48648010638289424
1697662800,88.704,91.405,86.995,89.831,0,NaN,-14.375022329373067,-31.385984001382663,-0.5396839014240993
1698008400,89.831,89.831,84.191,84.903,0,NaN,-48.29264021835853,-53.18188614397384,-0.4464670189061358
1698181200,84.903,86.809,83.276,84.656,0,NaN,-59.959727900101306,-62.43125045455695,-0.4196513269712396
1698354000,84.656,87.034,82.786,83.538,0,NaN,-42.312109394764626,-54.425020941451145,-0.5178658310102582
1698699600,83.538,84.305,81.161,81.752,0,NaN,-39.946128001629106,-37.558139666079825,-0.6316538219391783
1698872400,81.752,84.413,80.879,81.641,0,NaN,-31.275465323332313,-28.98281158959087,-0.6944407220143836
1699221600,81.641,82.898,77.67,77.685,0,NaN,-79.91147159792567,-66.46985921802263,-0.7596972960897993
1699394400,77.685,78.095,75.456,76.054,0,NaN,-70.78373163525995,-68.51330031912971,-0.7460922126711526
1699567200,76.054,78.968,75.783,78.866,0,NaN,-77.6239750356637,-66.56292333912654,-0.7571269662610076
1699912800,78.866,80.075,76.794,77.004,0,NaN,-100,-77.85386231284761,-0.7890916739563233
1700085600,77.004,77.124,72.687,76.412,0,NaN,-99.99999999999999,-88.16741516189262,-0.817715859644525
1700431200,76.412,78.754,75.82,78.095,0,NaN,-68.85389733281389,-51.90829645454321,-0.8035697727628751
1700604000,78.095,78.249,74.058,76.646,0,NaN,-78.01363743102222,-56.91759480568479,-0.8212049438772622
1700776800,76.646,77.335,74.279,75.243,0,NaN,-84.00942526595006,-56.684380461918984,-0.8425230205264711
1701122400,75.243,78.293,74.856,77.916,0,NaN,-56.31282328235376,-26.374809543075777,-0.8389019652156549
1701295200,77.916,79.794,74.113,74.563,0,NaN,-74.16512149299344,-52.74218538268601,-0.8573393001653197
1701640800,74.563,75.185,72.166,72.206,0,NaN,-50.15182704625765,-49.83798834784989,-0.8279294353848745
1701813600,72.206,72.73,68.919,69.754,0,NaN,-69.09082870316627,-56.439719970917174,-0.8342256977913602
1701986400,69.754,71.892,69.618,71.481,0,NaN,-75.61051545186044,-59.98438128468582,-0.7969022815673731
1702332000,71.481,72.033,67.819,69.971,0,NaN,-69.50734338647194,-66.79823223568832,-0.7752143763443967
1702504800,69.971,72.563,69.658,71.955,0,NaN,-59.820670982894605,-39.214509350092584,-0.6993449252601891
1702850400,71.955,74.457,70.838,74.033,0,NaN,-53.024154794755454,-43.36207987501844,-0.6406986981707791
1703023200,74.033,75.224,72.304,73.793,0,NaN,-50.03784031387354,-32.731397512004555,-0.5473651064152655
1703196000,73.793,74.839,73.247,73.363,0,NaN,-37.699763254445145,-25.50728339688493,-0.47357180500896684
1703541600,73.363,76.05,73.024,73.709,0,NaN,-54.22614815403861,-43.494096892757284,-0.4178912263377285
1703714400,73.709,74.284,71.152,71.242,0,NaN,-44.23754035698563,-31.510708024051567,-0.41948010493868665
1704060000,71.242,73.55,69.975,70.4,0,NaN,-43.851897911299936,-22.233953226490748,-0.3863889923929904
1704232800,70.4,73.912,69.204,72.307,0,NaN,0.8296812372502309,5.590047569934303,-0.34879607972043103
1704405600,72.307,74.158,70.075,70.86,0,NaN,-25.445655984122602,-17.775362561950175,-0.07406649611409716
1704751200,70.86,73.531,70.412,71.324,0,NaN,0.44072094116664307,-4.970420268982533,0.09115213796785536
1704924000,71.324,75.223,71.184,72.806,0,NaN,0.9456134665438825,-16.82508634971337,0.18475454172585795
1705269600,72.806,73.63,71.355,71.957,0,NaN,-8.195123735273178,-35.65569390206621,0.23550429546245277
1705442400,71.957,74.148,70.579,73.813,0,NaN,12.135923053705184,-22.18743249327943,0.1484111549308985
1705615200,73.813,75.413,72.524,74.619,0,NaN,30.76113896758603,-3.720544687476637,-0.005946292211161418
1705960800,74.619,75.795,73.375,75.311,0,NaN,34.95086065339888,-2.8705537254316296,-0.19294254294052512
1706133600,75.311,78.217,75.126,78.148,0,NaN,78.16238084265142,39.32708575813137,-0.4438111136599075
1706479200,78.148,79.25,75.824,77.739,0,NaN,80.52556396404671,46.6987277542841,-0.557091119042597
1706652000,77.739,78.064,73.683,73.878,0,NaN,27.70677006731882,2.6349268205254033,-0.5334157621954428
1706824800,73.878,74.489,71.384,72.784,0,NaN,37.364750094871084,2.772206854537264,-0.48112217952855174
1707170400,72.784,74.186,72.365,74.057,0,NaN,38.18782198130118,2.9852730253460713,-0.4444215381430122
1707343200,74.057,77.268,73.547,76.589,0,NaN,46.34158371354669,10.188883859902965,-0.4970248111274452
1707688800,76.589,78.464,75.523,77.805,0,NaN,61.597004759794174,31.62056898262766,-0.5933974850380747
1707861600,77.805,78.765,75.767,77.918,0,NaN,37.19347829901145,16.12547778592402,-0.6559184550707251
1708034400,77.918,78.855,77.018,78.517,0,NaN,36.27305748365352,15.63974137020502,-0.6724612812791867
1708380000,78.517,78.838,76.59,78.32,0,NaN,27.25321212868336,11.027249147422854,-0.6996340940833236
1708552800,78.32,79.185,76.607,76.836,0,NaN,-6.406011991923788,-26.224360326675665,-0.6582084329906783
1708898400,76.836,79.2,76.07,78.738,0,NaN,14.717570633309567,-6.2369896975627555,-0.5647478046574808
1709071200,78.738,79.829,77.996,78.482,0,NaN,44.84395079698784,26.093693223968337,-0.5302209682104777
1709244000,78.482,81.051,78.247,78.909,0,NaN,46.14859129838425,43.66973968741402,-0.4166770699093969
1709589600,78.909,80.819,77.675,79.244,0,NaN,43.636286355202344,36.15315995904212,-0.20019324422394763
1709762400,79.244,80.111,77.674,77.962,0,NaN,2.4668832800411256,7.745380476569746,0.07946351831032734
1710104400,77.962,78.802,76.885,78.119,0,NaN,-11.879575945569286,-1.8421393378627258,0.2639869631969354
1710277200,78.119,81.504,77.649,80.954,0,NaN,14.621626467943345,25.33352978559408,0.42129348742651807
1710450000,80.954,82.932,80.47,82.64,0,NaN,26.739948496013575,27.44527005063219,0.4808677476040925
1710795600,82.64,83.545,81.24,81.831,0,NaN,27.6701240564956,18.545357225446736,0.6003346263669529
1710968400,81.831,82.317,80.696,81.173,0,NaN,31.499822352682223,24.6186400614177,0.6028078219432697
1711314000,81.173,82.817,80.947,81.591,0,NaN,20.67967765508549,8.52927454504145,0.6146635453938629
1711486800,81.591,83.52,80.867,83.434,0,NaN,33.44478529599916,26.76753221554206,0.49677103755901175
1711659600,83.434,84.755,82.881,84.241,0,NaN,43.622155401348586,29.546169704389925,0.2801238271900247
1712005200,84.241,86.446,84.119,85.891,0,NaN,43.103034323345426,35.35599480982148,0.20302305420021996
1712178000,85.891,87.852,84.877,86.947,0,NaN,70.96715586294874,54.582630624967805,0.2984796630268431
1712523600,86.947,87.293,84.885,85.558,0,NaN,54.650721972858975,41.25314524382976,0.38078833402475715
1712696400,85.558,86.857,84.817,85.865,0,NaN,42.886084655075265,19.078758692632686,0.4021983200658949
1712869200,85.865,87.895,84.327,85.972,0,NaN,35.655197785678745,2.438600997183654,0.35154947209555965
1713214800,85.972,86.446,82.784,83.098,0,NaN,18.6264987791577,-17.516778835171806,0.3138148407397463
1713387600,83.098,86.394,81.818,82.845,0,NaN,26.767803456837342,-11.48027640159295,0.28142092043179484
1713733200,82.845,84.086,81.378,84.033,0,NaN,23.21247192437254,-4.896377936704179,0.24310829787568833
1713906000,84.033,84.43,82.593,84.405,0,NaN,9.17418351866805,-13.82571068588841,0.1774763804969158
1714078800,84.405,85.05,82.911,83.23,0,NaN,-13.825946643636712,-28.803794304191076,0.10709021542092778
1714424400,83.23,83.788,79.265,79.559,0,NaN,-39.27784265589156,-65.8968542548014,-0.024137105047796117
1714597200,79.559,80.326,78.344,78.379,0,NaN,-59.914423122721836,-87.08586553304009,-0.1888490182489899
1714942800,78.379,79.476,77.862,78.669,0,NaN,-41.53696240015321,-68.73910029972623,-0.35795934535633916
1715115600,78.669,80.07,77.182,79.83,0,NaN,-45.24014944725659,-62.574509120147205,-0.44116153826035237
1715288400,79.83,80.222,77.975,79.376,0,NaN,-57.66261799040459,-56.37817308178846,-0.5007096017685484
1715634000,79.376,79.557,76.829,78.986,0,NaN,-49.19622782492299,-28.09740244286668,-0.5768769891753683
1715806800,78.986,80.237,78.318,80.095,0,NaN,-38.55825412199842,-10.253264911584814,-0.6352077356677776
1716152400,80.095,80.642,78.16,78.698,0,NaN,-47.57554738209468,-34.30314531620634,-0.6964818216201649
1716325200,78.698,79.142,76.896,77.427,0,NaN,-50.80542062582465,-53.555842071908856,-0.730048214884944
1716498000,77.427,79.204,76.603,78.961,0,NaN,-25.002262711384546,-32.8093975765842,-0.7488612865973742
1716843600,78.961,81.003,78.917,79.674,0,NaN,0.8695654470680285,12.755679260301164,-0.7348618834129883
1717016400,79.674,79.771,76.997,77.5,0,NaN,1.7040569937151595,-1.255871904223727,-0.759920005639408
1717362000,77.5,77.81,72.73,73.145,0,NaN,-42.187643858296084,-48.27697384298766,-0.7877943974325884
1717534800,73.145,76.025,73.064,75.872,0,NaN,-24.01989338256857,-26.141611389964577,-0.8174752557967957
1717707600,75.872,78.453,75.425,78.417,0,NaN,5.748937515255087,2.5543156871079225,-0.7973168324402456
1718053200,78.417,79.456,77.389,78.406,0,NaN,14.265463134880179,-1.2154881833786328,-0.7656703001763918
1718226000,78.406,79.251,77.816,78.523,0,NaN,4.495875242294314,-14.770302034792834,-0.7579066264295367
1718571600,78.523,81.261,78.002,81.19,0,NaN,35.27833860978694,21.0426839286229,-0.5862878034317935
1718744400,81.109,81.912,80.712,81.633,0,NaN,39.06414036907482,41.86814773944694,-0.2924679758462401
1718917200,81.637,82.171,80.585,82.101,0,NaN,29.718195044961078,30.579790835556388,-0.018262897931108326
1719262800,82.11,82.239,80.502,81.223,0,NaN,22.920270379912548,14.508337174416763,0.10308429554379213
1719435600,81.137,83.021,80.828,81.795,0,NaN,43.52705502800394,52.9404666427681,0.16037062641074365
1719781200,81.78,84.644,81.694,83.431,0,NaN,100,100,0.22201782194584613
1719954000,83.315,84.425,82.695,84.32,0,NaN,78.89925331027122,75.25712383487546,0.4013722109136743
1720126800,84.288,84.74,82.269,82.434,0,NaN,25.66929906831127,32.682514382161095,0.510874695707355
1720472400,82.418,82.807,80.958,82.604,0,NaN,30.72179717426486,42.748839680665895,0.5462690455207873
1720645200,82.539,83.878,81.774,82.319,0,NaN,27.915970221140157,35.90375356768092,0.5332507934450205
1720990800,82.469,82.674,80.292,80.868,0,NaN,-6.608481838162501,8.358576731285966,0.5126708541885432
1721163600,80.908,83.69,80.536,82.226,0,NaN,8.846727800188319,13.92368126239616,0.5037927759882278
1721336400,82.234,82.693,78.726,79.41,0,NaN,-12.809313953297515,-13.464324445365031,0.49033114303923864
1721682000,79.418,79.887,77.501,78.568,0,NaN,-7.061964794496337,-15.388166608029952,0.5128515645719424
1721854800,78.562,79.645,77.063,77.41,0,NaN,-11.91526081683282,-27.74574784156132,0.5169230261934202
1722200400,78.371,78.585,75.416,76.065,0,NaN,-34.59826441221326,-55.795423092195655,0.5857295452555301
1722373200,76.058,79.67,75.979,77.663,0,NaN,-28.496230014711884,-50.79856678036483,0.654244910860538
1722546000,77.601,78.029,72.243,74.462,0,NaN,-29.277964886123506,-67.58550457273779,0.7396302547468587
1722891600,74.551,76.347,72.735,75.942,0,NaN,-21.720222965269652,-43.864771431429126,0.8018271333692152
1723064400,75.935,77.53,75.08,77.468,0,NaN,-11.422853877674125,-31.1419844446758,0.8116392700404367
1723410000,77.388,80.331,77.06,78.763,0,NaN,10.345582883002518,-12.156841012200823,0.8102544983117539
1723582800,78.771,79.219,77.287,78.519,0,NaN,-7.057625132809168,-21.57022629278739,0.8180640195485318
1723755600,78.517,78.527,74.826,75.186,0,NaN,-22.61897355675245,-31.49982685270863,0.7017051091386192
1724101200,75.093,75.715,72.714,73.197,0,NaN,-46.58132728210922,-33.62809967897539,0.5611669640663368
1724274000,73.231,76.3,72.822,76.182,0,NaN,-28.009889316983806,5.217319134850035,0.5071319734283307
1724619600,76.417,78.732,76.171,76.808,0,NaN,-17.217313137030086,30.130312308878125,0.5243110251106688
1724792400,76.806,77.897,74.826,76.973,0,NaN,-30.637165950580513,16.599458719561376,0.5099196998170535
1724965200,76.824,77.536,73.676,74.805,0,NaN,-30.3676118763311,20.44758064658915,0.4218851343859441
1725310800,74.602,75.05,69.458,69.88,0,NaN,-85.84851653314404,-64.94493549295461,0.3552767133786734
1725483600,69.833,71.439,67.716,68.696,0,NaN,-98.88105103402684,-85.58379371130003,0.2695782751229986
1725829200,68.55,69.516,65.65,66.683,0,NaN,-99.99999999999999,-100,0.22385313158372375
1726002000,66.711,70.137,65.976,69.509,0,NaN,-78.71310346728866,-78.14617542188297,0.042972904988708295
1726174800,69.673,70.87,68.761,70.668,0,NaN,-39.468217912974296,-30.292370994182846,-0.0774182765473278
1726520400,70.661,72.047,69.744,70.416,0,NaN,-21.595341455023394,-18.29336864245169,-0.15392578902579498
1726693200,70.43,72.824,70.43,72.492,0,NaN,-34.89091856465381,-33.22922862538907,-0.15969544170295208
1727038800,72.498,73.516,70.604,72.66,0,NaN,-38.644696067327175,-39.445074204855146,-0.16053541439254387
1727211600,72.618,72.815,67.907,68.413,0,NaN,-77.66356966764292,-80.91940949278435,-0.2167730194584987
1727384400,68.462,70.171,68.012,69.115,0,NaN,-57.58617131474962,-49.719014603185215,-0.30005958444320024
1727730000,69.194,73.292,67.113,71.774,0,NaN,8.931294759291875,29.268914113997578,-0.2595094603212413
1727902800,71.722,76.313,71.285,75.191,0,NaN,56.881807375851345,71.38923736732062,-0.1446020529992786
1728248400,74.694,79.093,73.267,74.468,0,NaN,75.94472470945249,80.99293493480054,-0.048237300237595794
1728421200,74.351,76.722,72.072,76.12,0,NaN,68.77282901429817,68.21674932529584,0.14401087935922532
1728594000,76.194,76.523,72.371,72.401,0,NaN,26.595553989212032,8.34001191966458,0.15110605649686673
1728939600,72.12,72.648,70.127,71.105,0,NaN,26.224784993091713,-9.425658526043376,0.16301885850643888
1729112400,71.078,71.642,69.097,69.774,0,NaN,-6.432566264178103,-45.943818068226854,0.15090091114106255
1729458000,69.747,72.961,69.341,72.145,0,NaN,22.681212656832706,-23.890726460394664,0.2505989568928852
1729630800,72.215,73.151,70.545,71.126,0,NaN,58.89573951188526,4.063782635562726,0.33774420028129765
1729803600,71.16,72.7,67.561,68.637,0,NaN,35.40780684001069,-29.2875134457675,0.4267983091510005
1730149200,68.641,69.762,67.334,69.691,0,NaN,17.51848753884716,-46.734754302904506,0.43050752171272766
1730322000,69.579,72.002,68.871,69.876,0,NaN,-15.457515592589182,-70.32403121709889,0.38960281828245086
1730671200,71,73.123,70.738,72.432,0,NaN,0.37138914219946617,-32.29250048763,0.18139983080049882
1730844000,72.406,73.267,70.15,72.559,0,NaN,-16.92505978005996,-40.74776583281334,0.13261907295542938
1731016800,72.538,72.636,68.178,68.381,0,NaN,-13.951479794246353,-51.07632010457966,0.1952384334870192
1731362400,68.355,69.37,67.154,68.278,0,NaN,-0.5227731106449518,-45.13539853254098,0.3082008577194008
1731535200,68.272,69.598,67.053,67.222,0,NaN,8.203204589137036,-47.458555535872094,0.39383514466672165
1731880800,67.086,70.058,66.855,69.613,0,NaN,-0.4495951651253147,-48.190666250782876,0.3965980615267096
1732053600,69.588,70.671,68.941,70.421,0,NaN,13.519447619341483,-20.751066183852537,0.48234649311903627
1732226400,70.395,71.792,68.986,69.326,0,NaN,22.273099080965764,-12.326882664732068,0.6867000551233727
1732572000,69.245,70.548,68.279,68.989,0,NaN,9.718036290380375,-24.028822238258673,0.7298143595158316
1732744800,69.004,69.894,68.092,68.338,0,NaN,-0.28199400249172957,-28.72635042341835,0.7415917155586664
1733090400,68.276,70.393,67.883,70.111,0,NaN,2.911348126227317,-32.96949438620898,0.7492737918371355
1733263200,70.09,70.677,68.12,68.552,0,NaN,-5.629373024364401,-61.12832461022703,0.7378815860242021
1733436000,68.571,68.99,67.107,68.251,0,NaN,24.95601186368358,-9.33560733762107,0.6859088738432785
1733781600,68.246,70.557,67.81,70.411,0,NaN,38.96109749785019,21.0796328365838,0.5582578594839297
1733954400,70.37,71.41,69.209,71.092,0,NaN,55.142534440520265,44.80183646711076,0.5213590584882615
1734300000,71.153,71.193,69.222,70.219,0,NaN,29.783695789681197,6.723031519346917,0.40100735500567675
1734472800,70.224,71.201,69.488,69.598,0,NaN,27.860869743725505,-12.444259147629118,0.3019154144549999
1734645600,69.617,70.281,68.817,69.908,0,NaN,37.248710502700916,-1.4707302840777823,0.27980097126532444
1734991200,69.822,70.758,69.699,70.501,0,NaN,49.28599894607347,9.807984595467502,0.19402867375696128
1735164000,70.547,71.057,69.638,70.534,0,NaN,56.98533029151513,11.734608170148128,0.12928977525322338
1735509600,70.53,72.27,70.415,72.118,0,NaN,55.28846770319531,7.326254962838485,-0.2086160358592521
1735682400,72.05,73.962,72.03,73.348,0,NaN,78.96097889580278,39.9184283128058,-0.7120848885618101
1735855200,73.342,75.187,72.94,73.609,0,NaN,76.740858204245,38.71690584169606,-0.7189086481949349
1736200800,73.564,75.466,73.292,73.469,0,NaN,50.892987292007255,17.096320747021892,-0.7478506988244666
1736373600,73.399,77.982,73.002,76.721,0,NaN,76.93347664389833,44.090069742384436,-0.7966680807481784
1736719200,77.386,79.383,77.296,78.181,0,NaN,100,70.01507237916314,-0.7985593004889076
1736892000,78.051,80.756,77.329,79.231,0,NaN,95.66125224204606,91.9865842009826,-0.7566513210844027
1737064800,79.183,79.849,76.963,77.485,0,NaN,82.06310323785934,77.52679586684533,-0.7124927152105456
1737410400,77.404,78.322,76.148,76.459,0,NaN,54.50607672315801,66.28197228505044,-0.6458086901901332
1737583200,76.402,77.026,75.005,75.556,0,NaN,41.30731160201919,55.87441740922212,-0.5423931707475675
1737928800,75.472,76.027,73.225,74.77,0,NaN,22.142041413904472,34.540757730991785,-0.5085096212632539
1738101600,74.738,74.876,72.767,73.962,0,NaN,5.553261402429972,12.167411976331346,-0.4676244921846509
1738274400,73.864,75.821,72.634,72.883,0,NaN,2.3240216194467305,-2.510569024889169,-0.3488913746303706
1738620000,72.952,73.926,71.222,71.661,0,NaN,-15.405392415485014,-11.890005511713678,-0.32909671516955624
1738792800,71.553,72.336,70.906,71.472,0,NaN,-46.74205907025951,-39.77990906352764,-0.2732253631269728
1739138400,71.337,73.994,71.211,73.505,0,NaN,-47.845400874109984,-35.27058256911045,-0.1774526404942156
1739311200,73.468,73.537,70.585,71.802,0,NaN,-62.83361075742168,-61.45389004537103,-0.1573156201964399
1739484000,71.756,72.312,70.522,71.754,0,NaN,-53.17383702383131,-36.00896480518208,-0.18332691962501563
1739829600,71.686,73.274,71.277,72.476,0,NaN,-35.5540506664757,-30.10888462504299,-0.23376988967701676
1740002400,72.476,73.491,70.503,70.557,0,NaN,-46.52214120035899,-35.70622655392955,-0.3271864440614501
1740348000,70.417,71.548,68.96,69.334,0,NaN,-52.11182445795837,-48.04934818572679,-0.5196910176675288
1740520800,69.429,70.793,68.627,70.359,0,NaN,-33.37133940544282,-24.597263799434174,-0.5380190294634835
1740693600,70.379,70.812,68.096,68.681,0,NaN,-33.413144296726664,-35.19607082682056,-0.5427138021635552
1741039200,68.575,68.745,65.396,66.567,0,NaN,-36.50871334419899,-34.599230902488365,-0.6326315868340449
1741212000,66.601,68.371,65.756,67.2,0,NaN,-39.687206230378976,-18.189711890378714,-0.654980218402888
1741554000,67.252,67.726,65.406,66.694,0,NaN,-51.85459333846784,-37.285238416240674,-0.6443191056471489
1741726800,66.678,68.028,66.253,66.887,0,NaN,-40.08891459261754,-19.01276655714756,-0.6001419165750832
1741899600,66.786,68.465,66.704,67.617,0,NaN,-34.45899114387347,-19.99536012504288,-0.6020529188831216
1742245200,67.607,68.848,66.427,67.382,0,NaN,-41.56606519837245,-24.53324531059761,-0.6694404016859647
1742418000,67.361,68.974,66.948,68.618,0,NaN,-2.53948503357506,-0.7059464330748781,-0.754456869563962
1742763600,68.633,69.972,68.254,69.477,0,NaN,13.635705088971974,20.631566501674133,-0.7536855893231389
1742936400,69.436,70.493,69.342,70.159,0,NaN,5.215632882163055,12.767091367983284,-0.7627080155981641
1743109200,70.119,72.067,69.074,71.608,0,NaN,23.16273092054809,59.52184101777825,-0.7576338739371614
1743454800,71.618,72.485,70.824,70.926,0,NaN,45.301108095380556,61.387803184907945,-0.7507016425953462
1743627600,70.419,70.599,60.615,62.483,0,NaN,-40.391105253484646,-35.26966294066935,0.29827490737133583
1743973200,60.455,64.047,58.063,58.343,0,NaN,-45.42793024488383,-89.48475122870663,0.6808445512684148
1744146000,58.428,63.449,55.232,60.37,0,NaN,-40.3446505894962,-65.74388617896699,0.7559243896021418
1744318800,60.3,62.742,59.542,61.647,0,NaN,-47.371798787065906,-33.42942682239273,0.7821179778067843
1744664400,61.626,62.842,60.395,62.488,0,NaN,-40.137455224528054,-27.092850935296347,0.8007018194812734
1744837200,62.513,64.718,62.508,64.267,0,NaN,-44.81127307937184,-10.383454411466055,0.8046050942284312
1745182800,64.047,64.814,62.218,63.98,0,NaN,-55.06593492287253,-19.090366150737683,0.8029628114865086
1745355600,64.256,65.316,61.944,63.193,0,NaN,-70.57102063130071,-34.28769901646157,0.8050446636983414
1745528400,63.242,64.064,61.829,62.244,0,NaN,-93.21970772272473,-61.23886992809824,0.789239374318272
1745874000,62.359,62.412,58.21,58.504,0,NaN,-99.99999999999997,-92.38289778142719,0.7670574256487679
1746046800,58.604,60.149,56.672,58.666,0,NaN,-30.53138577175043,-24.171569610852586,0.7135555890724846
1746392400,56.035,60.039,55.814,59.229,0,NaN,-27.432917114111987,44.57827626503966,0.6615546191778274
1746565200,59.389,60.468,57.929,60.443,0,NaN,-8.58695046655809,34.274305090073725,0.6338909808037844
1746738000,60.407,63.735,60.073,62.105,0,NaN,11.126684001462483,5.41991447985105,0.6093125852647743
1747083600,62.059,64.011,61.771,62.97,0,NaN,11.828324540444777,-0.8489557254224742,0.5699233152697548
1747256400,62.95,63.004,60.549,62.467,0,NaN,-2.740525686548949,-28.697328756362666,0.5271945634311064
1747602000,62.294,63.205,61.485,62.727,0,NaN,-0.21761699650451227,-21.711487057637825,0.4804852669680211
1747774800,62.727,64.666,60.683,61.241,0,NaN,-4.094985022966643,-21.089673866429948,0.406234588248675
1747947600,61.215,62.543,60.456,61.932,0,NaN,12.927112880489595,-2.5323315667507327,0.3263170652250391
1748293200,61.94,62.889,60.626,62.227,0,NaN,47.82234416912922,56.752825919527794,0.23936668498823
1748466000,62.231,63.427,60.128,61.07,0,NaN,37.97204829466834,36.848180696111925,0.3401620592261293
1748811600,61.868,64.164,61.818,63.606,0,NaN,58.17204430580702,69.48752074879893,0.007592110372726405
1748984400,63.646,64.217,62.434,63.489,0,NaN,34.86172608454622,47.354583188557214,-0.1275145598294865
1749157200,63.423,65.604,63.046,65.563,0,NaN,35.38342826687507,65.50703364531682,-0.06951858969038766
1749502800,65.552,68.519,64.736,68.422,0,NaN,56.7829879457119,96.39704302372849,-0.06539424114918488
1749675600,68.942,76.292,66.853,73.08,0,NaN,100,100,-0.29558783663877175
1750021200,73.08,75.896,69.238,75.247,0,NaN,100,100,-0.3614578003335363
1750194000,75.001,77.154,72.714,75.264,0,NaN,100,100,-0.35792238155710665
1750366800,74.636,78.436,67.703,68.364,0,NaN,42.636797310345756,31.130803341972623,-0.3741096830888456
1750712400,68.855,68.86,65.015,65.927,0,NaN,19.444416787131217,3.970508136276713,-0.4829288262254113
1750885200,66.042,67.406,65.619,66.001,0,NaN,29.42063697894848,24.260941901742555,-0.4724408949315214
1751230800,65.834,66.776,65.349,66.314,0,NaN,9.848106431160112,3.5517369634432256,-0.3718017522369436
1751403600,66.322,68.344,65.979,67.877,0,NaN,23.508804390003082,20.344039996947373,-0.35817247578259026
1751576400,67.744,68.894,66.123,68.487,0,NaN,11.472618562702538,1.4005234333095942,-0.3738536301015466
1751922000,68.485,69.458,67.881,68.798,0,NaN,-2.600042725957355,-20.55451367474611,-0.29507900662807596
1752094800,68.751,69.19,66.906,69.139,0,NaN,-34.84805072400352,-55.11010556897176,-0.15470347707422574
1752440400,69.186,69.975,66.496,66.822,0,NaN,-59.011936047368636,-91.53351358056904,-0.11892534921576142
1752613200,66.876,67.593,65.628,67.539,0,NaN,-55.0395836327029,-86.90683334719202,-0.16133606550070903
1752786000,67.516,68.768,67.12,67.232,0,NaN,-15.59183286802424,-39.90658001662594,-0.16070485545184124